0 0 0 0.282067
0 0 1 0.253972
0 0 2 0.238015
0 0 3 0.165201
0 0 4 0.218062
0 0 5 0.166903
0 0 6 0.189573
0 0 7 0.24155
0 0 8 0.197576
0 0 9 0.225737
0 0 10 0.291463
0 1 0 0.290974
0 1 1 0.263443
0 1 2 0.245275
0 1 3 0.173124
0 1 4 0.227063
0 1 5 0.173837
0 1 6 0.19609
0 1 7 0.249018
0 1 8 0.204818
0 1 9 0.23287
0 1 10 0.299108
0 2 0 0.291555
0 2 1 0.265608
0 2 2 0.246621
0 2 3 0.17744
0 2 4 0.227232
0 2 5 0.179811
0 2 6 0.195474
0 2 7 0.247037
0 2 8 0.2024
0 2 9 0.230375
0 2 10 0.300969
0 3 0 0.296467
0 3 1 0.268157
0 3 2 0.253494
0 3 3 0.177937
0 3 4 0.234828
0 3 5 0.177992
0 3 6 0.198329
0 3 7 0.256437
0 3 8 0.208038
0 3 9 0.237414
0 3 10 0.308342
0 4 0 0.303782
0 4 1 0.275046
0 4 2 0.258469
0 4 3 0.18004
0 4 4 0.230501
0 4 5 0.182192
0 4 6 0.203697
0 4 7 0.255223
0 4 8 0.210229
0 4 9 0.240693
0 4 10 0.327405
0 5 0 0.305284
0 5 1 0.281046
0 5 2 0.264681
0 5 3 0.187612
0 5 4 0.237924
0 5 5 0.184678
0 5 6 0.210831
0 5 7 0.266481
0 5 8 0.213576
0 5 9 0.242011
0 5 10 0.321056
0 6 0 0.307096
0 6 1 0.281023
0 6 2 0.265129
0 6 3 0.190041
0 6 4 0.237551
0 6 5 0.183171
0 6 6 0.21048
0 6 7 0.268751
0 6 8 0.215763
0 6 9 0.24338
0 6 10 0.337935
0 7 0 0.312465
0 7 1 0.289593
0 7 2 0.277663
0 7 3 0.192971
0 7 4 0.24587
0 7 5 0.191529
0 7 6 0.213455
0 7 7 0.284022
0 7 8 0.220285
0 7 9 0.248976
0 7 10 0.351164
0 8 0 0.325959
0 8 1 0.298967
0 8 2 0.286246
0 8 3 0.200721
0 8 4 0.253766
0 8 5 0.195418
0 8 6 0.219758
0 8 7 0.29069
0 8 8 0.225801
0 8 9 0.253448
0 8 10 0.35777
0 9 0 0.332008
0 9 1 0.313934
0 9 2 0.292429
0 9 3 0.205642
0 9 4 0.254838
0 9 5 0.199071
0 9 6 0.226399
0 9 7 0.2965
0 9 8 0.226629
0 9 9 0.260904
0 9 10 0.371213
0 10 0 0.342999
0 10 1 0.317675
0 10 2 0.303619
0 10 3 0.212333
0 10 4 0.265528
0 10 5 0.2051
0 10 6 0.23558
0 10 7 0.313031
0 10 8 0.236393
0 10 9 0.265904
0 10 10 0.385075
0 11 0 0.349867
0 11 1 0.32458
0 11 2 0.307692
0 11 3 0.218399
0 11 4 0.269994
0 11 5 0.205343
0 11 6 0.238581
0 11 7 0.320538
0 11 8 0.237638
0 11 9 0.269117
0 11 10 0.396926
0 12 0 0.364844
0 12 1 0.340523
0 12 2 0.326462
0 12 3 0.229292
0 12 4 0.282703
0 12 5 0.212643
0 12 6 0.248885
0 12 7 0.342618
0 12 8 0.246605
0 12 9 0.277474
0 12 10 0.421381
1 0 0 0.270047
1 0 1 0.24663
1 0 2 0.227189
1 0 3 0.161915
1 0 4 0.212852
1 0 5 0.166895
1 0 6 0.184433
1 0 7 0.230686
1 0 8 0.195589
1 0 9 0.221739
1 0 10 0.272112
1 1 0 0.279764
1 1 1 0.259448
1 1 2 0.245097
1 1 3 0.17208
1 1 4 0.221094
1 1 5 0.17098
1 1 6 0.190481
1 1 7 0.237721
1 1 8 0.201933
1 1 9 0.231037
1 1 10 0.293263
1 2 0 0.290316
1 2 1 0.26512
1 2 2 0.247104
1 2 3 0.173685
1 2 4 0.22961
1 2 5 0.174124
1 2 6 0.196426
1 2 7 0.255344
1 2 8 0.208445
1 2 9 0.234542
1 2 10 0.296234
1 3 0 0.292144
1 3 1 0.268491
1 3 2 0.252809
1 3 3 0.179593
1 3 4 0.23059
1 3 5 0.177165
1 3 6 0.200255
1 3 7 0.258346
1 3 8 0.205569
1 3 9 0.232455
1 3 10 0.303209
1 4 0 0.298434
1 4 1 0.275783
1 4 2 0.263581
1 4 3 0.184017
1 4 4 0.234419
1 4 5 0.182712
1 4 6 0.206031
1 4 7 0.260344
1 4 8 0.21521
1 4 9 0.237431
1 4 10 0.313358
1 5 0 0.302562
1 5 1 0.281104
1 5 2 0.261693
1 5 3 0.184926
1 5 4 0.238941
1 5 5 0.185233
1 5 6 0.208016
1 5 7 0.260359
1 5 8 0.215731
1 5 9 0.24236
1 5 10 0.321442
1 6 0 0.313003
1 6 1 0.28339
1 6 2 0.266965
1 6 3 0.189142
1 6 4 0.242433
1 6 5 0.189666
1 6 6 0.212182
1 6 7 0.275666
1 6 8 0.218603
1 6 9 0.247839
1 6 10 0.345391
1 7 0 0.319085
1 7 1 0.295229
1 7 2 0.281633
1 7 3 0.19368
1 7 4 0.249708
1 7 5 0.188918
1 7 6 0.218655
1 7 7 0.278745
1 7 8 0.223227
1 7 9 0.250226
1 7 10 0.346899
1 8 0 0.329261
1 8 1 0.299495
1 8 2 0.284494
1 8 3 0.199615
1 8 4 0.252289
1 8 5 0.191609
1 8 6 0.22548
1 8 7 0.287457
1 8 8 0.224994
1 8 9 0.252801
1 8 10 0.363575
1 9 0 0.337362
1 9 1 0.303938
1 9 2 0.29166
1 9 3 0.204672
1 9 4 0.261944
1 9 5 0.196468
1 9 6 0.230062
1 9 7 0.307503
1 9 8 0.232298
1 9 9 0.258044
1 9 10 0.369414
1 10 0 0.341987
1 10 1 0.315994
1 10 2 0.301822
1 10 3 0.213094
1 10 4 0.268417
1 10 5 0.201252
1 10 6 0.233126
1 10 7 0.310431
1 10 8 0.232885
1 10 9 0.260791
1 10 10 0.389816
1 11 0 0.352662
1 11 1 0.330894
1 11 2 0.317854
1 11 3 0.222789
1 11 4 0.277385
1 11 5 0.209585
1 11 6 0.243407
1 11 7 0.325464
1 11 8 0.241553
1 11 9 0.27068
1 11 10 0.40369
1 12 0 0.371872
1 12 1 0.347737
1 12 2 0.336286
1 12 3 0.236378
1 12 4 0.28912
1 12 5 0.217891
1 12 6 0.256073
1 12 7 0.349714
1 12 8 0.251499
1 12 9 0.281052
1 12 10 0.43599
2 0 0 0.271799
2 0 1 0.25079
2 0 2 0.231944
2 0 3 0.161438
2 0 4 0.217145
2 0 5 0.167495
2 0 6 0.188229
2 0 7 0.230214
2 0 8 0.19857
2 0 9 0.226011
2 0 10 0.280689
2 1 0 0.285667
2 1 1 0.257879
2 1 2 0.24456
2 1 3 0.171552
2 1 4 0.223279
2 1 5 0.17381
2 1 6 0.18964
2 1 7 0.245261
2 1 8 0.202646
2 1 9 0.231481
2 1 10 0.29106
2 2 0 0.294028
2 2 1 0.264051
2 2 2 0.256095
2 2 3 0.173454
2 2 4 0.226528
2 2 5 0.174349
2 2 6 0.20164
2 2 7 0.252844
2 2 8 0.208243
2 2 9 0.235377
2 2 10 0.308768
2 3 0 0.296195
2 3 1 0.265041
2 3 2 0.252001
2 3 3 0.178251
2 3 4 0.231165
2 3 5 0.179
2 3 6 0.204076
2 3 7 0.259677
2 3 8 0.208666
2 3 9 0.23732
2 3 10 0.314683
2 4 0 0.29534
2 4 1 0.2733
2 4 2 0.25471
2 4 3 0.181164
2 4 4 0.234258
2 4 5 0.181609
2 4 6 0.200905
2 4 7 0.260765
2 4 8 0.212484
2 4 9 0.237743
2 4 10 0.315769
2 5 0 0.297816
2 5 1 0.2793
2 5 2 0.264234
2 5 3 0.186134
2 5 4 0.237491
2 5 5 0.184776
2 5 6 0.205564
2 5 7 0.262702
2 5 8 0.216457
2 5 9 0.240766
2 5 10 0.318731
2 6 0 0.313599
2 6 1 0.282853
2 6 2 0.267419
2 6 3 0.188488
2 6 4 0.242227
2 6 5 0.184843
2 6 6 0.207071
2 6 7 0.271908
2 6 8 0.219071
2 6 9 0.246449
2 6 10 0.338889
2 7 0 0.319136
2 7 1 0.296617
2 7 2 0.27504
2 7 3 0.195049
2 7 4 0.24813
2 7 5 0.190064
2 7 6 0.217488
2 7 7 0.28306
2 7 8 0.220775
2 7 9 0.250728
2 7 10 0.34392
2 8 0 0.329435
2 8 1 0.302631
2 8 2 0.28321
2 8 3 0.199681
2 8 4 0.253555
2 8 5 0.193696
2 8 6 0.219506
2 8 7 0.289164
2 8 8 0.22685
2 8 9 0.258912
2 8 10 0.368736
2 9 0 0.329347
2 9 1 0.307786
2 9 2 0.288813
2 9 3 0.205862
2 9 4 0.258624
2 9 5 0.200225
2 9 6 0.233962
2 9 7 0.301689
2 9 8 0.228576
2 9 9 0.260187
2 9 10 0.378907
2 10 0 0.33871
2 10 1 0.314387
2 10 2 0.300007
2 10 3 0.208868
2 10 4 0.264132
2 10 5 0.201845
2 10 6 0.230727
2 10 7 0.305946
2 10 8 0.234573
2 10 9 0.262683
2 10 10 0.378836
2 11 0 0.353529
2 11 1 0.32444
2 11 2 0.314091
2 11 3 0.218353
2 11 4 0.271871
2 11 5 0.208151
2 11 6 0.241712
2 11 7 0.321223
2 11 8 0.239961
2 11 9 0.269332
2 11 10 0.406518
2 12 0 0.367351
2 12 1 0.345952
2 12 2 0.331228
2 12 3 0.231698
2 12 4 0.286086
2 12 5 0.215004
2 12 6 0.253082
2 12 7 0.346522
2 12 8 0.24878
2 12 9 0.280126
2 12 10 0.432509
3 0 0 0.277381
3 0 1 0.249328
3 0 2 0.231819
3 0 3 0.154088
3 0 4 0.210077
3 0 5 0.161876
3 0 6 0.181095
3 0 7 0.230604
3 0 8 0.194674
3 0 9 0.217648
3 0 10 0.266649
3 1 0 0.282158
3 1 1 0.254859
3 1 2 0.240719
3 1 3 0.170718
3 1 4 0.216551
3 1 5 0.171403
3 1 6 0.195375
3 1 7 0.238922
3 1 8 0.200082
3 1 9 0.228935
3 1 10 0.291351
3 2 0 0.28737
3 2 1 0.251575
3 2 2 0.257159
3 2 3 0.172149
3 2 4 0.220761
3 2 5 0.163699
3 2 6 0.191104
3 2 7 0.242647
3 2 8 0.201534
3 2 9 0.227435
3 2 10 0.289375
3 3 0 0.284111
3 3 1 0.263427
3 3 2 0.24589
3 3 3 0.17218
3 3 4 0.228056
3 3 5 0.176002
3 3 6 0.193775
3 3 7 0.237146
3 3 8 0.21149
3 3 9 0.2369
3 3 10 0.307457
3 4 0 0.285245
3 4 1 0.262976
3 4 2 0.253483
3 4 3 0.186575
3 4 4 0.233018
3 4 5 0.177494
3 4 6 0.19886
3 4 7 0.246765
3 4 8 0.205152
3 4 9 0.230196
3 4 10 0.313408
3 5 0 0.29887
3 5 1 0.271569
3 5 2 0.257345
3 5 3 0.178992
3 5 4 0.23281
3 5 5 0.176827
3 5 6 0.201148
3 5 7 0.266754
3 5 8 0.209906
3 5 9 0.235627
3 5 10 0.309124
3 6 0 0.308214
3 6 1 0.272353
3 6 2 0.268247
3 6 3 0.18669
3 6 4 0.238859
3 6 5 0.186055
3 6 6 0.204451
3 6 7 0.267682
3 6 8 0.210588
3 6 9 0.241701
3 6 10 0.32614
3 7 0 0.308603
3 7 1 0.281468
3 7 2 0.275667
3 7 3 0.194915
3 7 4 0.235639
3 7 5 0.183277
3 7 6 0.210984
3 7 7 0.264307
3 7 8 0.220314
3 7 9 0.244245
3 7 10 0.331513
3 8 0 0.318749
3 8 1 0.28801
3 8 2 0.276441
3 8 3 0.193319
3 8 4 0.249146
3 8 5 0.186988
3 8 6 0.213833
3 8 7 0.27925
3 8 8 0.224516
3 8 9 0.246084
3 8 10 0.350012
3 9 0 0.33758
3 9 1 0.305102
3 9 2 0.285053
3 9 3 0.203329
3 9 4 0.254859
3 9 5 0.187795
3 9 6 0.217882
3 9 7 0.283597
3 9 8 0.224095
3 9 9 0.253454
3 9 10 0.37136
3 10 0 0.331987
3 10 1 0.310208
3 10 2 0.296874
3 10 3 0.203411
3 10 4 0.254589
3 10 5 0.200417
3 10 6 0.227457
3 10 7 0.294497
3 10 8 0.226151
3 10 9 0.259372
3 10 10 0.371383
3 11 0 0.345978
3 11 1 0.317504
3 11 2 0.307324
3 11 3 0.215797
3 11 4 0.265529
3 11 5 0.201797
3 11 6 0.233927
3 11 7 0.313091
3 11 8 0.23182
3 11 9 0.265176
3 11 10 0.384562
3 12 0 0.352004
3 12 1 0.325873
3 12 2 0.311771
3 12 3 0.219668
3 12 4 0.274361
3 12 5 0.207289
3 12 6 0.240749
3 12 7 0.326507
3 12 8 0.241194
3 12 9 0.270393
3 12 10 0.402968
4 0 0 0.271088
4 0 1 0.230497
4 0 2 0.223727
4 0 3 0.156968
4 0 4 0.205571
4 0 5 0.161632
4 0 6 0.171953
4 0 7 0.22645
4 0 8 0.193462
4 0 9 0.214861
4 0 10 0.25909
4 1 0 0.273543
4 1 1 0.250368
4 1 2 0.234968
4 1 3 0.167828
4 1 4 0.214543
4 1 5 0.170436
4 1 6 0.185256
4 1 7 0.237282
4 1 8 0.196089
4 1 9 0.22703
4 1 10 0.276672
4 2 0 0.285125
4 2 1 0.250675
4 2 2 0.242171
4 2 3 0.167388
4 2 4 0.220605
4 2 5 0.170854
4 2 6 0.189822
4 2 7 0.245258
4 2 8 0.210211
4 2 9 0.227328
4 2 10 0.288013
4 3 0 0.279425
4 3 1 0.265484
4 3 2 0.243317
4 3 3 0.171639
4 3 4 0.214308
4 3 5 0.168126
4 3 6 0.180673
4 3 7 0.236613
4 3 8 0.19661
4 3 9 0.232483
4 3 10 0.300754
4 4 0 0.279817
4 4 1 0.264709
4 4 2 0.238835
4 4 3 0.174972
4 4 4 0.224887
4 4 5 0.177555
4 4 6 0.187531
4 4 7 0.255474
4 4 8 0.196842
4 4 9 0.232079
4 4 10 0.310036
4 5 0 0.29935
4 5 1 0.26217
4 5 2 0.251452
4 5 3 0.173408
4 5 4 0.230947
4 5 5 0.17509
4 5 6 0.196299
4 5 7 0.258129
4 5 8 0.203155
4 5 9 0.239135
4 5 10 0.292174
4 6 0 0.298556
4 6 1 0.271707
4 6 2 0.256321
4 6 3 0.174148
4 6 4 0.23399
4 6 5 0.181623
4 6 6 0.200597
4 6 7 0.259062
4 6 8 0.210374
4 6 9 0.233576
4 6 10 0.306165
4 7 0 0.305221
4 7 1 0.28244
4 7 2 0.264637
4 7 3 0.188521
4 7 4 0.241059
4 7 5 0.182172
4 7 6 0.201819
4 7 7 0.264165
4 7 8 0.217815
4 7 9 0.243427
4 7 10 0.335414
4 8 0 0.311561
4 8 1 0.290761
4 8 2 0.271032
4 8 3 0.197392
4 8 4 0.239596
4 8 5 0.190618
4 8 6 0.209214
4 8 7 0.269439
4 8 8 0.216191
4 8 9 0.242219
4 8 10 0.33148
4 9 0 0.316955
4 9 1 0.288121
4 9 2 0.277782
4 9 3 0.18795
4 9 4 0.247781
4 9 5 0.193778
4 9 6 0.21414
4 9 7 0.273933
4 9 8 0.224141
4 9 9 0.246906
4 9 10 0.344214
4 10 0 0.330475
4 10 1 0.303132
4 10 2 0.282014
4 10 3 0.199873
4 10 4 0.250269
4 10 5 0.193303
4 10 6 0.224443
4 10 7 0.289794
4 10 8 0.22452
4 10 9 0.253903
4 10 10 0.363169
4 11 0 0.339491
4 11 1 0.309817
4 11 2 0.30076
4 11 3 0.212813
4 11 4 0.261487
4 11 5 0.204268
4 11 6 0.233035
4 11 7 0.305388
4 11 8 0.232955
4 11 9 0.265897
4 11 10 0.369124
4 12 0 0.354396
4 12 1 0.33223
4 12 2 0.317043
4 12 3 0.219947
4 12 4 0.274072
4 12 5 0.207374
4 12 6 0.242486
4 12 7 0.325044
4 12 8 0.238348
4 12 9 0.270207
4 12 10 0.404032
5 0 0 0.270901
5 0 1 0.23625
5 0 2 0.233349
5 0 3 0.156018
5 0 4 0.201175
5 0 5 0.160094
5 0 6 0.173731
5 0 7 0.214949
5 0 8 0.184572
5 0 9 0.21492
5 0 10 0.24138
5 1 0 0.269092
5 1 1 0.247189
5 1 2 0.224953
5 1 3 0.161727
5 1 4 0.213363
5 1 5 0.167003
5 1 6 0.183472
5 1 7 0.232154
5 1 8 0.189829
5 1 9 0.223166
5 1 10 0.263159
5 2 0 0.278116
5 2 1 0.246729
5 2 2 0.232399
5 2 3 0.169172
5 2 4 0.223396
5 2 5 0.172746
5 2 6 0.177177
5 2 7 0.232672
5 2 8 0.196838
5 2 9 0.220716
5 2 10 0.276955
5 3 0 0.273311
5 3 1 0.249089
5 3 2 0.237425
5 3 3 0.165505
5 3 4 0.223531
5 3 5 0.175798
5 3 6 0.185305
5 3 7 0.234595
5 3 8 0.198754
5 3 9 0.228929
5 3 10 0.298321
5 4 0 0.284763
5 4 1 0.247688
5 4 2 0.241413
5 4 3 0.169279
5 4 4 0.22745
5 4 5 0.175349
5 4 6 0.192848
5 4 7 0.247497
5 4 8 0.199672
5 4 9 0.226204
5 4 10 0.297537
5 5 0 0.289278
5 5 1 0.260711
5 5 2 0.250323
5 5 3 0.170768
5 5 4 0.223135
5 5 5 0.169616
5 5 6 0.19141
5 5 7 0.253996
5 5 8 0.203472
5 5 9 0.233076
5 5 10 0.290133
5 6 0 0.303986
5 6 1 0.265927
5 6 2 0.246725
5 6 3 0.184101
5 6 4 0.230583
5 6 5 0.176004
5 6 6 0.198672
5 6 7 0.248001
5 6 8 0.206501
5 6 9 0.23333
5 6 10 0.31519
5 7 0 0.301526
5 7 1 0.270404
5 7 2 0.260322
5 7 3 0.170936
5 7 4 0.234332
5 7 5 0.181098
5 7 6 0.202472
5 7 7 0.263589
5 7 8 0.214306
5 7 9 0.239008
5 7 10 0.317154
5 8 0 0.305999
5 8 1 0.279208
5 8 2 0.269436
5 8 3 0.177415
5 8 4 0.248399
5 8 5 0.182151
5 8 6 0.208144
5 8 7 0.259145
5 8 8 0.215986
5 8 9 0.238208
5 8 10 0.316252
5 9 0 0.305854
5 9 1 0.279447
5 9 2 0.265003
5 9 3 0.187309
5 9 4 0.252511
5 9 5 0.192691
5 9 6 0.206424
5 9 7 0.2809
5 9 8 0.218707
5 9 9 0.246475
5 9 10 0.340108
5 10 0 0.319551
5 10 1 0.296779
5 10 2 0.277991
5 10 3 0.203009
5 10 4 0.250593
5 10 5 0.193928
5 10 6 0.218702
5 10 7 0.28784
5 10 8 0.225172
5 10 9 0.251772
5 10 10 0.348782
5 11 0 0.336207
5 11 1 0.314442
5 11 2 0.299457
5 11 3 0.204508
5 11 4 0.25767
5 11 5 0.199226
5 11 6 0.22788
5 11 7 0.299855
5 11 8 0.227803
5 11 9 0.25695
5 11 10 0.3679
5 12 0 0.350295
5 12 1 0.327112
5 12 2 0.311277
5 12 3 0.218315
5 12 4 0.272652
5 12 5 0.205926
5 12 6 0.238033
5 12 7 0.324591
5 12 8 0.238119
5 12 9 0.269542
5 12 10 0.403341
6 0 0 0.278101
6 0 1 0.235408
6 0 2 0.222905
6 0 3 0.160358
6 0 4 0.204747
6 0 5 0.161885
6 0 6 0.176188
6 0 7 0.214254
6 0 8 0.193352
6 0 9 0.220904
6 0 10 0.279315
6 1 0 0.27018
6 1 1 0.249731
6 1 2 0.226585
6 1 3 0.159995
6 1 4 0.20985
6 1 5 0.168431
6 1 6 0.182745
6 1 7 0.224318
6 1 8 0.18994
6 1 9 0.22053
6 1 10 0.281755
6 2 0 0.276123
6 2 1 0.244711
6 2 2 0.22535
6 2 3 0.171367
6 2 4 0.217816
6 2 5 0.172855
6 2 6 0.17939
6 2 7 0.235403
6 2 8 0.202929
6 2 9 0.223024
6 2 10 0.272831
6 3 0 0.288546
6 3 1 0.263314
6 3 2 0.232562
6 3 3 0.177621
6 3 4 0.224555
6 3 5 0.166494
6 3 6 0.195807
6 3 7 0.24291
6 3 8 0.202921
6 3 9 0.228776
6 3 10 0.282457
6 4 0 0.273603
6 4 1 0.254798
6 4 2 0.234176
6 4 3 0.171325
6 4 4 0.2249
6 4 5 0.164089
6 4 6 0.188407
6 4 7 0.257289
6 4 8 0.209798
6 4 9 0.234778
6 4 10 0.280899
6 5 0 0.295823
6 5 1 0.263797
6 5 2 0.26199
6 5 3 0.167318
6 5 4 0.228438
6 5 5 0.174249
6 5 6 0.206211
6 5 7 0.253123
6 5 8 0.208031
6 5 9 0.231811
6 5 10 0.295667
6 6 0 0.299737
6 6 1 0.267223
6 6 2 0.259942
6 6 3 0.175566
6 6 4 0.230986
6 6 5 0.177061
6 6 6 0.190309
6 6 7 0.267529
6 6 8 0.212438
6 6 9 0.236725
6 6 10 0.301139
6 7 0 0.304438
6 7 1 0.269168
6 7 2 0.265879
6 7 3 0.177546
6 7 4 0.237464
6 7 5 0.188013
6 7 6 0.203226
6 7 7 0.277439
6 7 8 0.217675
6 7 9 0.232312
6 7 10 0.312072
6 8 0 0.313411
6 8 1 0.285067
6 8 2 0.266126
6 8 3 0.177053
6 8 4 0.242885
6 8 5 0.187238
6 8 6 0.206669
6 8 7 0.275944
6 8 8 0.215316
6 8 9 0.245905
6 8 10 0.327746
6 9 0 0.298164
6 9 1 0.285105
6 9 2 0.26293
6 9 3 0.196643
6 9 4 0.242463
6 9 5 0.191187
6 9 6 0.216015
6 9 7 0.273272
6 9 8 0.208905
6 9 9 0.24095
6 9 10 0.345928
6 10 0 0.311692
6 10 1 0.292915
6 10 2 0.26865
6 10 3 0.197048
6 10 4 0.249591
6 10 5 0.181728
6 10 6 0.219791
6 10 7 0.282812
6 10 8 0.217296
6 10 9 0.249251
6 10 10 0.344479
6 11 0 0.343598
6 11 1 0.321608
6 11 2 0.305771
6 11 3 0.209786
6 11 4 0.253842
6 11 5 0.202445
6 11 6 0.230675
6 11 7 0.300781
6 11 8 0.227096
6 11 9 0.261007
6 11 10 0.370156
6 12 0 0.351
6 12 1 0.323494
6 12 2 0.312688
6 12 3 0.213488
6 12 4 0.271031
6 12 5 0.205045
6 12 6 0.235456
6 12 7 0.318474
6 12 8 0.236244
6 12 9 0.265745
6 12 10 0.394131
7 0 0 0.285281
7 0 1 0.244717
7 0 2 0.224916
7 0 3 0.153708
7 0 4 0.207719
7 0 5 0.166385
7 0 6 0.180759
7 0 7 0.225252
7 0 8 0.196517
7 0 9 0.219211
7 0 10 0.271082
7 1 0 0.276946
7 1 1 0.249515
7 1 2 0.235951
7 1 3 0.158634
7 1 4 0.221281
7 1 5 0.167504
7 1 6 0.185125
7 1 7 0.23693
7 1 8 0.196292
7 1 9 0.215422
7 1 10 0.283006
7 2 0 0.282018
7 2 1 0.254246
7 2 2 0.226528
7 2 3 0.165538
7 2 4 0.219339
7 2 5 0.167326
7 2 6 0.189902
7 2 7 0.234084
7 2 8 0.202861
7 2 9 0.229036
7 2 10 0.293464
7 3 0 0.291296
7 3 1 0.271464
7 3 2 0.245076
7 3 3 0.161204
7 3 4 0.219854
7 3 5 0.173713
7 3 6 0.186711
7 3 7 0.247416
7 3 8 0.203845
7 3 9 0.229396
7 3 10 0.287759
7 4 0 0.283845
7 4 1 0.263764
7 4 2 0.243238
7 4 3 0.18191
7 4 4 0.219258
7 4 5 0.166168
7 4 6 0.192214
7 4 7 0.24412
7 4 8 0.209505
7 4 9 0.227912
7 4 10 0.303475
7 5 0 0.286688
7 5 1 0.272548
7 5 2 0.259561
7 5 3 0.175216
7 5 4 0.228644
7 5 5 0.180116
7 5 6 0.201249
7 5 7 0.2571
7 5 8 0.208674
7 5 9 0.237085
7 5 10 0.312819
7 6 0 0.294826
7 6 1 0.28298
7 6 2 0.257367
7 6 3 0.178158
7 6 4 0.232291
7 6 5 0.181037
7 6 6 0.204224
7 6 7 0.2613
7 6 8 0.210123
7 6 9 0.237144
7 6 10 0.321704
7 7 0 0.299428
7 7 1 0.275349
7 7 2 0.260274
7 7 3 0.178791
7 7 4 0.228642
7 7 5 0.184259
7 7 6 0.198981
7 7 7 0.275075
7 7 8 0.206873
7 7 9 0.246438
7 7 10 0.337951
7 8 0 0.307658
7 8 1 0.287592
7 8 2 0.268854
7 8 3 0.183746
7 8 4 0.24224
7 8 5 0.185013
7 8 6 0.215175
7 8 7 0.275525
7 8 8 0.221011
7 8 9 0.238006
7 8 10 0.339988
7 9 0 0.315902
7 9 1 0.285339
7 9 2 0.260577
7 9 3 0.194048
7 9 4 0.242597
7 9 5 0.180761
7 9 6 0.219848
7 9 7 0.283127
7 9 8 0.217857
7 9 9 0.250403
7 9 10 0.340336
7 10 0 0.322741
7 10 1 0.300726
7 10 2 0.285052
7 10 3 0.2023
7 10 4 0.250638
7 10 5 0.191534
7 10 6 0.217418
7 10 7 0.299073
7 10 8 0.223993
7 10 9 0.252976
7 10 10 0.363875
7 11 0 0.336558
7 11 1 0.31321
7 11 2 0.295603
7 11 3 0.211107
7 11 4 0.262055
7 11 5 0.195487
7 11 6 0.231088
7 11 7 0.301165
7 11 8 0.229294
7 11 9 0.257984
7 11 10 0.384119
7 12 0 0.350828
7 12 1 0.326374
7 12 2 0.315503
7 12 3 0.218012
7 12 4 0.272379
7 12 5 0.208801
7 12 6 0.241538
7 12 7 0.323836
7 12 8 0.238988
7 12 9 0.270526
7 12 10 0.397792
8 0 0 0.276398
8 0 1 0.250144
8 0 2 0.2422
8 0 3 0.164013
8 0 4 0.223342
8 0 5 0.173049
8 0 6 0.185564
8 0 7 0.239314
8 0 8 0.197907
8 0 9 0.228313
8 0 10 0.298937
8 1 0 0.282715
8 1 1 0.26041
8 1 2 0.245241
8 1 3 0.169866
8 1 4 0.227538
8 1 5 0.171955
8 1 6 0.187039
8 1 7 0.23494
8 1 8 0.202511
8 1 9 0.231459
8 1 10 0.292047
8 2 0 0.293357
8 2 1 0.258557
8 2 2 0.249639
8 2 3 0.168866
8 2 4 0.229992
8 2 5 0.169984
8 2 6 0.195598
8 2 7 0.245688
8 2 8 0.205317
8 2 9 0.231911
8 2 10 0.277231
8 3 0 0.294449
8 3 1 0.271724
8 3 2 0.260128
8 3 3 0.171244
8 3 4 0.230066
8 3 5 0.167299
8 3 6 0.19895
8 3 7 0.248766
8 3 8 0.208054
8 3 9 0.23472
8 3 10 0.321759
8 4 0 0.290029
8 4 1 0.266919
8 4 2 0.265142
8 4 3 0.176084
8 4 4 0.235752
8 4 5 0.177562
8 4 6 0.205993
8 4 7 0.260689
8 4 8 0.207992
8 4 9 0.235497
8 4 10 0.302879
8 5 0 0.294366
8 5 1 0.283276
8 5 2 0.24724
8 5 3 0.192014
8 5 4 0.233138
8 5 5 0.18241
8 5 6 0.205502
8 5 7 0.265255
8 5 8 0.210129
8 5 9 0.238801
8 5 10 0.308251
8 6 0 0.312853
8 6 1 0.271068
8 6 2 0.259601
8 6 3 0.189267
8 6 4 0.23555
8 6 5 0.18448
8 6 6 0.20939
8 6 7 0.26193
8 6 8 0.213358
8 6 9 0.242832
8 6 10 0.316872
8 7 0 0.313822
8 7 1 0.288033
8 7 2 0.268296
8 7 3 0.190015
8 7 4 0.239096
8 7 5 0.185499
8 7 6 0.21001
8 7 7 0.276072
8 7 8 0.219353
8 7 9 0.246706
8 7 10 0.346793
8 8 0 0.313619
8 8 1 0.288093
8 8 2 0.282618
8 8 3 0.195245
8 8 4 0.241487
8 8 5 0.187908
8 8 6 0.210041
8 8 7 0.281994
8 8 8 0.219538
8 8 9 0.248561
8 8 10 0.337372
8 9 0 0.324014
8 9 1 0.292154
8 9 2 0.282471
8 9 3 0.195101
8 9 4 0.249856
8 9 5 0.197893
8 9 6 0.219299
8 9 7 0.299951
8 9 8 0.224339
8 9 9 0.252544
8 9 10 0.36882
8 10 0 0.327488
8 10 1 0.310113
8 10 2 0.293793
8 10 3 0.206967
8 10 4 0.2596
8 10 5 0.194855
8 10 6 0.226079
8 10 7 0.294237
8 10 8 0.22777
8 10 9 0.25796
8 10 10 0.360968
8 11 0 0.342826
8 11 1 0.32044
8 11 2 0.304408
8 11 3 0.217504
8 11 4 0.264843
8 11 5 0.205114
8 11 6 0.232861
8 11 7 0.312093
8 11 8 0.232168
8 11 9 0.263765
8 11 10 0.39344
8 12 0 0.358851
8 12 1 0.332761
8 12 2 0.319748
8 12 3 0.224564
8 12 4 0.278717
8 12 5 0.210586
8 12 6 0.245078
8 12 7 0.333964
8 12 8 0.242011
8 12 9 0.273266
8 12 10 0.413105
9 0 0 0.292174
9 0 1 0.268346
9 0 2 0.253077
9 0 3 0.17132
9 0 4 0.224617
9 0 5 0.168387
9 0 6 0.191194
9 0 7 0.246415
9 0 8 0.204147
9 0 9 0.233689
9 0 10 0.306757
9 1 0 0.300156
9 1 1 0.265022
9 1 2 0.246669
9 1 3 0.172144
9 1 4 0.231634
9 1 5 0.174279
9 1 6 0.195994
9 1 7 0.254439
9 1 8 0.202028
9 1 9 0.236392
9 1 10 0.317879
9 2 0 0.29522
9 2 1 0.276743
9 2 2 0.265043
9 2 3 0.173992
9 2 4 0.238163
9 2 5 0.176331
9 2 6 0.201984
9 2 7 0.265009
9 2 8 0.212288
9 2 9 0.242195
9 2 10 0.313033
9 3 0 0.302983
9 3 1 0.281236
9 3 2 0.270791
9 3 3 0.181024
9 3 4 0.238383
9 3 5 0.179021
9 3 6 0.207706
9 3 7 0.267166
9 3 8 0.213678
9 3 9 0.242576
9 3 10 0.31759
9 4 0 0.308829
9 4 1 0.28643
9 4 2 0.267853
9 4 3 0.18612
9 4 4 0.241055
9 4 5 0.181082
9 4 6 0.211001
9 4 7 0.278023
9 4 8 0.218312
9 4 9 0.244465
9 4 10 0.335725
9 5 0 0.318573
9 5 1 0.28986
9 5 2 0.270407
9 5 3 0.185777
9 5 4 0.241983
9 5 5 0.186153
9 5 6 0.214466
9 5 7 0.271009
9 5 8 0.212839
9 5 9 0.245887
9 5 10 0.351534
9 6 0 0.315706
9 6 1 0.300137
9 6 2 0.286832
9 6 3 0.190126
9 6 4 0.247842
9 6 5 0.187607
9 6 6 0.217123
9 6 7 0.291175
9 6 8 0.222459
9 6 9 0.248413
9 6 10 0.338205
9 7 0 0.32266
9 7 1 0.309639
9 7 2 0.290204
9 7 3 0.202121
9 7 4 0.256736
9 7 5 0.191331
9 7 6 0.218846
9 7 7 0.302802
9 7 8 0.223965
9 7 9 0.251604
9 7 10 0.367876
9 8 0 0.338958
9 8 1 0.308299
9 8 2 0.289269
9 8 3 0.205776
9 8 4 0.258974
9 8 5 0.191833
9 8 6 0.226779
9 8 7 0.300036
9 8 8 0.225279
9 8 9 0.254546
9 8 10 0.370381
9 9 0 0.331943
9 9 1 0.311125
9 9 2 0.300237
9 9 3 0.2077
9 9 4 0.265375
9 9 5 0.20112
9 9 6 0.228476
9 9 7 0.308882
9 9 8 0.229681
9 9 9 0.263122
9 9 10 0.38336
9 10 0 0.345537
9 10 1 0.326101
9 10 2 0.305352
9 10 3 0.217347
9 10 4 0.266326
9 10 5 0.202596
9 10 6 0.237383
9 10 7 0.322547
9 10 8 0.238028
9 10 9 0.264769
9 10 10 0.392683
9 11 0 0.361002
9 11 1 0.332539
9 11 2 0.326061
9 11 3 0.227702
9 11 4 0.285075
9 11 5 0.209411
9 11 6 0.242924
9 11 7 0.335992
9 11 8 0.24402
9 11 9 0.27535
9 11 10 0.414484
9 12 0 0.36819
9 12 1 0.347248
9 12 2 0.333623
9 12 3 0.232634
9 12 4 0.288112
9 12 5 0.213381
9 12 6 0.252946
9 12 7 0.350149
9 12 8 0.247686
9 12 9 0.279178
9 12 10 0.434621
10 0 0 0.300486
10 0 1 0.285483
10 0 2 0.268033
10 0 3 0.184579
10 0 4 0.241338
10 0 5 0.178566
10 0 6 0.205217
10 0 7 0.273679
10 0 8 0.209571
10 0 9 0.238012
10 0 10 0.333506
10 1 0 0.312595
10 1 1 0.292996
10 1 2 0.278231
10 1 3 0.188787
10 1 4 0.243559
10 1 5 0.183552
10 1 6 0.208543
10 1 7 0.284034
10 1 8 0.210773
10 1 9 0.244501
10 1 10 0.341244
10 2 0 0.319551
10 2 1 0.291282
10 2 2 0.282998
10 2 3 0.189639
10 2 4 0.246886
10 2 5 0.180374
10 2 6 0.208063
10 2 7 0.279572
10 2 8 0.215677
10 2 9 0.249498
10 2 10 0.352217
10 3 0 0.321901
10 3 1 0.290841
10 3 2 0.289526
10 3 3 0.196782
10 3 4 0.250243
10 3 5 0.183793
10 3 6 0.214625
10 3 7 0.293099
10 3 8 0.218296
10 3 9 0.248688
10 3 10 0.352269
10 4 0 0.329729
10 4 1 0.303021
10 4 2 0.290536
10 4 3 0.198892
10 4 4 0.256118
10 4 5 0.186776
10 4 6 0.223046
10 4 7 0.288541
10 4 8 0.223715
10 4 9 0.251703
10 4 10 0.357995
10 5 0 0.331931
10 5 1 0.309279
10 5 2 0.282686
10 5 3 0.202161
10 5 4 0.25346
10 5 5 0.193953
10 5 6 0.22251
10 5 7 0.294756
10 5 8 0.228251
10 5 9 0.254522
10 5 10 0.366125
10 6 0 0.340129
10 6 1 0.315578
10 6 2 0.295917
10 6 3 0.205597
10 6 4 0.265721
10 6 5 0.196736
10 6 6 0.231526
10 6 7 0.313144
10 6 8 0.230309
10 6 9 0.259428
10 6 10 0.384774
10 7 0 0.347102
10 7 1 0.320589
10 7 2 0.303982
10 7 3 0.214911
10 7 4 0.266839
10 7 5 0.197788
10 7 6 0.23351
10 7 7 0.322225
10 7 8 0.235703
10 7 9 0.264001
10 7 10 0.395207
10 8 0 0.345838
10 8 1 0.326758
10 8 2 0.307581
10 8 3 0.214525
10 8 4 0.269356
10 8 5 0.20574
10 8 6 0.233863
10 8 7 0.318022
10 8 8 0.237587
10 8 9 0.265681
10 8 10 0.403337
10 9 0 0.357295
10 9 1 0.332466
10 9 2 0.315503
10 9 3 0.219989
10 9 4 0.279486
10 9 5 0.204482
10 9 6 0.239901
10 9 7 0.335412
10 9 8 0.236313
10 9 9 0.272847
10 9 10 0.403087
10 10 0 0.340179
10 10 1 0.315499
10 10 2 0.298751
10 10 3 0.209203
10 10 4 0.265877
10 10 5 0.198645
10 10 6 0.230714
10 10 7 0.313529
10 10 8 0.230188
10 10 9 0.26202
10 10 10 0.381193
10 11 0 0.341019
10 11 1 0.313378
10 11 2 0.304045
10 11 3 0.212298
10 11 4 0.264861
10 11 5 0.19794
10 11 6 0.231399
10 11 7 0.308804
10 11 8 0.230636
10 11 9 0.258428
10 11 10 0.378751
10 12 0 0.338522
10 12 1 0.31408
10 12 2 0.299463
10 12 3 0.209512
10 12 4 0.263177
10 12 5 0.199558
10 12 6 0.230827
10 12 7 0.309166
10 12 8 0.229608
10 12 9 0.26079
10 12 10 0.381736
11 0 0 0.313771
11 0 1 0.290353
11 0 2 0.279629
11 0 3 0.187718
11 0 4 0.24229
11 0 5 0.179849
11 0 6 0.210176
11 0 7 0.280564
11 0 8 0.215211
11 0 9 0.246504
11 0 10 0.354497
11 1 0 0.326178
11 1 1 0.302011
11 1 2 0.288497
11 1 3 0.19257
11 1 4 0.258576
11 1 5 0.189547
11 1 6 0.217451
11 1 7 0.298154
11 1 8 0.22075
11 1 9 0.251082
11 1 10 0.370613
11 2 0 0.327093
11 2 1 0.305867
11 2 2 0.290252
11 2 3 0.195646
11 2 4 0.254847
11 2 5 0.188372
11 2 6 0.219423
11 2 7 0.29619
11 2 8 0.220366
11 2 9 0.252096
11 2 10 0.376742
11 3 0 0.32899
11 3 1 0.303912
11 3 2 0.29379
11 3 3 0.202816
11 3 4 0.255573
11 3 5 0.193736
11 3 6 0.221671
11 3 7 0.302165
11 3 8 0.22603
11 3 9 0.252936
11 3 10 0.376537
11 4 0 0.34493
11 4 1 0.319505
11 4 2 0.299599
11 4 3 0.207389
11 4 4 0.263804
11 4 5 0.195402
11 4 6 0.230565
11 4 7 0.319727
11 4 8 0.230347
11 4 9 0.257961
11 4 10 0.394089
11 5 0 0.345301
11 5 1 0.315247
11 5 2 0.297002
11 5 3 0.209675
11 5 4 0.262788
11 5 5 0.193954
11 5 6 0.229586
11 5 7 0.320528
11 5 8 0.228164
11 5 9 0.256331
11 5 10 0.378654
11 6 0 0.353527
11 6 1 0.330735
11 6 2 0.320811
11 6 3 0.217348
11 6 4 0.272472
11 6 5 0.201328
11 6 6 0.234656
11 6 7 0.3299
11 6 8 0.23174
11 6 9 0.264916
11 6 10 0.410998
11 7 0 0.364803
11 7 1 0.332921
11 7 2 0.325796
11 7 3 0.22485
11 7 4 0.284585
11 7 5 0.204936
11 7 6 0.244928
11 7 7 0.341288
11 7 8 0.240993
11 7 9 0.273098
11 7 10 0.422759
11 8 0 0.365012
11 8 1 0.345715
11 8 2 0.331948
11 8 3 0.228103
11 8 4 0.286788
11 8 5 0.208358
11 8 6 0.247877
11 8 7 0.352759
11 8 8 0.244322
11 8 9 0.27343
11 8 10 0.440342
11 9 0 0.369887
11 9 1 0.352727
11 9 2 0.33457
11 9 3 0.230826
11 9 4 0.289764
11 9 5 0.213086
11 9 6 0.254508
11 9 7 0.346151
11 9 8 0.244094
11 9 9 0.279563
11 9 10 0.443318
11 10 0 0.336699
11 10 1 0.313187
11 10 2 0.29525
11 10 3 0.20994
11 10 4 0.26415
11 10 5 0.19841
11 10 6 0.228515
11 10 7 0.310331
11 10 8 0.230418
11 10 9 0.261256
11 10 10 0.38658
11 11 0 0.336803
11 11 1 0.315347
11 11 2 0.304332
11 11 3 0.209585
11 11 4 0.262007
11 11 5 0.197899
11 11 6 0.234774
11 11 7 0.311748
11 11 8 0.232141
11 11 9 0.260371
11 11 10 0.38428
11 12 0 0.339634
11 12 1 0.313692
11 12 2 0.298648
11 12 3 0.208726
11 12 4 0.263401
11 12 5 0.19944
11 12 6 0.230027
11 12 7 0.308507
11 12 8 0.230351
11 12 9 0.26046
11 12 10 0.384889
12 0 0 0.309049
12 0 1 0.286615
12 0 2 0.270037
12 0 3 0.192232
12 0 4 0.240804
12 0 5 0.18584
12 0 6 0.207145
12 0 7 0.271469
12 0 8 0.21382
12 0 9 0.24484
12 0 10 0.335675
12 1 0 0.327863
12 1 1 0.308448
12 1 2 0.292361
12 1 3 0.192916
12 1 4 0.254966
12 1 5 0.188073
12 1 6 0.216085
12 1 7 0.306121
12 1 8 0.218718
12 1 9 0.247694
12 1 10 0.374475
12 2 0 0.343378
12 2 1 0.314485
12 2 2 0.300771
12 2 3 0.208785
12 2 4 0.269991
12 2 5 0.195195
12 2 6 0.229947
12 2 7 0.313782
12 2 8 0.228895
12 2 9 0.258561
12 2 10 0.394388
12 3 0 0.342664
12 3 1 0.315712
12 3 2 0.299206
12 3 3 0.202936
12 3 4 0.264388
12 3 5 0.193105
12 3 6 0.227015
12 3 7 0.31406
12 3 8 0.224593
12 3 9 0.255778
12 3 10 0.381802
12 4 0 0.354928
12 4 1 0.321826
12 4 2 0.314235
12 4 3 0.217509
12 4 4 0.275241
12 4 5 0.200974
12 4 6 0.238402
12 4 7 0.328774
12 4 8 0.234226
12 4 9 0.266784
12 4 10 0.412998
12 5 0 0.358105
12 5 1 0.331172
12 5 2 0.325953
12 5 3 0.21305
12 5 4 0.273461
12 5 5 0.197353
12 5 6 0.238214
12 5 7 0.330954
12 5 8 0.232984
12 5 9 0.266703
12 5 10 0.42324
12 6 0 0.361312
12 6 1 0.338696
12 6 2 0.324826
12 6 3 0.223782
12 6 4 0.281369
12 6 5 0.20403
12 6 6 0.244035
12 6 7 0.34462
12 6 8 0.238791
12 6 9 0.269889
12 6 10 0.423583
12 7 0 0.357621
12 7 1 0.341859
12 7 2 0.322137
12 7 3 0.225301
12 7 4 0.278074
12 7 5 0.205787
12 7 6 0.243115
12 7 7 0.340805
12 7 8 0.238623
12 7 9 0.268446
12 7 10 0.419274
12 8 0 0.371319
12 8 1 0.343629
12 8 2 0.331339
12 8 3 0.228675
12 8 4 0.289799
12 8 5 0.208357
12 8 6 0.24822
12 8 7 0.356834
12 8 8 0.246467
12 8 9 0.276212
12 8 10 0.436498
12 9 0 0.382469
12 9 1 0.366166
12 9 2 0.345765
12 9 3 0.235562
12 9 4 0.298539
12 9 5 0.214201
12 9 6 0.258932
12 9 7 0.369039
12 9 8 0.248458
12 9 9 0.281477
12 9 10 0.464944
12 10 0 0.342697
12 10 1 0.314346
12 10 2 0.299681
12 10 3 0.210458
12 10 4 0.265562
12 10 5 0.199236
12 10 6 0.230026
12 10 7 0.310598
12 10 8 0.23148
12 10 9 0.261282
12 10 10 0.380774
12 11 0 0.338027
12 11 1 0.317918
12 11 2 0.300719
12 11 3 0.209621
12 11 4 0.263564
12 11 5 0.200326
12 11 6 0.228559
12 11 7 0.311784
12 11 8 0.230144
12 11 9 0.26057
12 11 10 0.382069
12 12 0 0.338415
12 12 1 0.31353
12 12 2 0.301324
12 12 3 0.209707
12 12 4 0.263463
12 12 5 0.199066
12 12 6 0.23045
12 12 7 0.310199
12 12 8 0.231313
12 12 9 0.261242
12 12 10 0.382099
