10
0 20 40 60 80 100 120 150 180 1000 
8
0 1 2 3 4 5 6 100 
9
-1.2 -0.9 -0.6 -0.3 0 0.3 0.6 0.9 1.2 
7
0 25 30 35 40 45 100 
-0.0838907 -0.136286 0.089003 -0.0310657 -0.0134892 -0.26926 
-0.0173512 -0.0423845 -0.0844678 -0.0238583 -0.0911357 -0.0919551 
-0.000967008 0.00197659 -0.0120782 -0.0412305 -0.100019 -0.160512 
-0.0239769 -0.0426838 -0.0298899 -0.0139514 -0.087167 -0.0221534 
-0.0344001 -0.0324459 0.0226919 -0.0476473 -0.0321416 0.00285786 
-0.0172648 -0.0210753 0.0443931 -0.0355752 -0.0632601 -0.0704467 
-0.0555639 -0.0559459 -0.0180088 -0.0690223 -0.0715997 -0.0794359 
-0.0756203 -0.0957426 -0.0801697 -0.0625358 -0.0494799 -0.123311 
-0.0773671 -0.0198613 -0.0484019 -0.0579526 -0.0584427 -0.0809542 
-0.0697191 -0.0351678 -0.0461807 -0.0665139 -0.0660132 -0.0836362 
-0.0273525 -0.0401469 -0.0440638 -0.0462138 -0.0373558 -0.032782 
-0.00975929 -0.0878258 -0.0492445 -0.0212719 -0.0648069 -0.0512134 
-0.0316598 -0.0509103 -0.0367376 -0.0325359 -0.0542726 -0.0326885 
-0.0425813 -0.0481399 -0.0386241 -0.055962 -0.0463424 -0.0733776 
-0.0461575 -0.0562783 -0.0212703 -0.0564233 -0.071373 -0.0689639 
-0.0668319 -0.0574981 -0.0182554 -0.0909501 -0.0729178 0.000975128 
-0.000785399 -0.183505 -0.175496 -0.0353319 -0.108554 -0.0532982 
-0.0896438 -0.0663023 -0.0919152 -0.0884093 -0.0354888 -0.127017 
-0.0892917 -0.0463281 -0.0708341 -0.0583562 -0.0803697 -0.0689431 
-0.0446988 -0.026452 -0.0800699 -0.0418916 -0.0897757 -0.0934066 
-0.0479822 -0.0276818 -0.0516378 -0.0377379 -0.055097 -0.0462417 
-0.0701409 -0.0607306 -0.0279026 -0.0414128 -0.0632779 -0.0495985 
-0.0621464 -0.089699 -0.0588915 -0.0893935 -0.0747147 -0.0237726 
-0.089913 -0.0724637 -0.097101 -0.0681855 -0.0220484 -0.133173 
-0.100097 0.0328218 -0.00378709 -0.136474 -0.163544 -0.149873 
-0.0568464 -0.0843868 -0.0514813 -0.069196 -0.043767 -0.0834126 
-0.0777136 -0.0996357 -0.0925492 -0.0637286 -0.111263 -0.029152 
0.0117988 -0.0163141 -0.0870875 -0.0888248 -0.00483908 -0.104836 
-0.0308541 -0.0723691 -0.0243278 -0.0561625 -0.0933352 -0.102862 
-0.0276567 -0.0601533 -0.0739313 -0.0951762 -0.105372 -0.144466 
-0.023955 -0.0483648 -0.0317142 -0.124117 -0.109693 -0.102683 
-0.0945426 -0.0434473 -0.0825742 -0.144744 -0.0383993 -0.201128 
-0.280284 -0.0166798 -0.337557 -0.221415 -0.280781 -0.436086 
-0.09102 -0.0836139 -0.15847 -0.0885854 -0.148087 0.00087313 
-0.0420616 -0.156069 -0.106256 0.00947388 -0.176789 -0.226387 
-0.0159222 -0.0305724 -0.0936754 -0.102217 -0.0997007 -0.107842 
-0.02452 -0.0455633 -0.021596 -0.0341024 0.0147461 -0.0759433 
-0.0972424 -0.100697 -0.0925349 -0.140395 -0.197153 -0.125842 
-0.0300296 -0.125206 -0.154525 -0.189742 0.0465972 -0.32059 
0.0279798 -0.137532 -0.0885088 -0.0341721 0.0210491 -0.0222808 
-0.15933 0 0.0431042 -0.461601 0.141701 0 
-0.154394 -0.222941 -0.15163 -0.254694 -0.330918 -0.40831 
0.163339 -0.216406 0.0584522 -0.100189 -0.20012 0.0381889 
-0.0623756 -0.253644 -0.186194 -0.120025 -0.0107774 0.0338484 
-0.016281 0.0145292 -0.048534 -0.0571707 0.0855839 -0.135462 
-0.114881 -0.0708723 -0.32279 -0.207172 -0.0161837 -0.0218177 
-0.00181267 0.0877505 -0.0853376 -0.148698 0.176292 -0.287083 
-0.262421 -0.300148 -0.0568573 -0.166409 -0.271762 -0.37389 
0 -1.03849 0 0 -0.0874786 0 
-0.334964 -0.247859 -0.315729 0.0628777 -0.352003 -0.363985 
-0.394243 -0.0460911 -0.290107 0.209345 -0.12846 -0.436087 
-0.0905075 -0.0174828 -0.157951 -0.250713 0 -0.233753 
-0.206405 -0.106408 0.0623309 0.00733833 -0.329002 0.281528 
-0.327552 -0.0041461 0.246559 -0.1373 -0.286126 0.0720901 
0.0641861 -0.2219 0.224166 -0.287004 -0.495258 -0.954048 
0.00470066 -0.520576 -0.475626 0.0433426 0 0.240849 
-0.118376 0.0982933 -0.264717 0.140657 -0.108982 0 
-0.107187 0.0435702 -0.0254108 0.0481894 0.0555186 0.0238195 
-0.0443749 -0.0233935 0.0519879 0.0366107 0.126628 -0.0278089 
0.0277016 -0.0982981 -0.0201669 0.146222 0.0734422 -0.227053 
-0.0474316 -0.103176 0.0470858 0.00537467 -0.147365 0.0298022 
-0.0202431 0.0148152 -0.0278294 0.01879 -0.0258102 0.0759751 
0.00212955 0.121696 -0.0217069 -0.00202314 0.0347036 -0.129795 
-0.111069 -0.0221571 -0.0186312 0.14126 0.0233245 -0.254695 
-0.121969 0.0156874 0.0310573 -0.054645 0.173737 -0.137302 
-0.00465843 -0.0254151 -0.0296444 -0.0191039 -0.0138683 -0.00675246 
0.00561764 -0.0353766 -0.00357339 0.0117215 -0.0737807 -0.0364641 
-0.0148837 0.00346231 -0.0213578 -0.00782728 -0.017631 0.0222133 
-0.0147086 0.00342835 -0.010145 -0.0211897 -0.02688 -0.0319309 
0.0119609 0.0236879 -0.0499159 -0.0507487 -0.0474651 -0.0298014 
-0.0175865 0.0256729 -0.0377557 -0.0136928 -0.0868346 -0.0365995 
-0.0286503 -0.00748385 -0.0322108 -0.0150512 -0.0110687 0.0153665 
-0.138642 -0.0401133 -0.0646006 0.0708445 -0.0861278 -0.0839953 
-0.00879876 -0.0137578 -0.0330821 -0.0650882 -0.00961221 -0.0600744 
0.00418077 -0.0315373 0.00251905 -0.0588254 -0.0349611 -0.0699474 
-0.0214215 -0.016683 -0.0371758 -0.0456105 0.0211682 -0.152918 
-0.00938047 -0.0151439 -0.0120342 -0.0486307 -0.0556362 -0.0567447 
-0.0100198 -0.0158389 0.00480193 -0.0141636 -0.0540258 -0.0113849 
-0.00997794 -0.0550673 -0.0166315 -0.0400228 -0.0562507 -0.122443 
0.0344166 -0.0559553 -0.0293848 -0.0613673 -0.104825 -0.114217 
-0.106407 -0.133807 -0.129813 -0.198961 -0.0810595 -0.0860023 
-0.0679712 -0.0904293 -0.0663411 -0.047476 -0.13202 -0.0443445 
-0.0158374 -0.0535541 -0.086094 -0.0653186 -0.0606854 -0.0824982 
-0.0173515 0.000475908 -0.00581201 -0.0600735 -0.0360814 -0.1281 
-0.00748893 -0.0559741 -0.0373788 -0.0229531 -0.0350753 0.00415744 
-0.0495423 0.0174631 -0.0616394 -0.0377138 -0.0904122 0.00597655 
-0.0465559 -0.0462707 -0.06985 -0.052628 -0.0429744 -0.080671 
-0.0161581 -0.079931 -0.0817208 -0.0635109 -0.186361 -0.0969065 
0.00866429 -0.289053 -0.00583426 -0.0227501 0.00198364 -0.0648181 
-0.0433204 0.00430543 -0.0904112 -0.0829958 -0.100026 -0.27518 
-0.0130601 -0.0319572 -0.0177788 -0.0635249 -0.0572264 -0.0102736 
-0.012394 0.0323106 -0.0697106 -0.0167815 -0.0502319 0.0347613 
-0.0193181 -0.0578564 -0.0965462 0.00932153 -0.0159691 -0.0432858 
0.0141626 -0.0619967 -0.0364985 -0.0288871 -0.0219008 -0.129138 
-0.0501836 -0.105612 -0.0483482 -0.0310606 -0.0742435 -0.152601 
-0.0107418 -0.0891305 -0.0723303 -0.156058 -0.104278 0.0271483 
-0.342947 -0.257231 -0.181658 -0.0533553 -0.0158806 -0.742798 
-0.125556 -0.101603 -0.0922238 -0.160319 -0.0957839 -0.218588 
-0.0955786 -0.0211493 -0.0300548 -0.0246429 0.0210593 0.0701866 
0.0396655 0.0383185 0.031368 -0.0336384 -0.133367 -0.161395 
-0.0207607 0.0196106 -0.00971614 0.00839483 -0.0747245 -0.056748 
-0.0639012 0.0110388 -0.0579013 -0.106031 -0.167288 -0.0708585 
-0.0356542 -0.127127 -0.213212 -0.145458 -0.171873 0.0416473 
0.0318503 0.0354014 -0.124695 -0.198484 -0.195539 -0.212006 
0.275906 -0.391658 -0.303871 0.099706 -0.339363 0 
0.0121636 -0.0898544 -0.0816836 -0.0870548 -0.116121 -0.0153378 
-0.148602 -0.141467 -0.0725502 -0.0501285 -0.0806664 -0.137161 
-0.101213 -0.22127 0.272055 -0.174189 -0.237887 -0.268979 
0.0585962 0.00461433 0.0866312 -0.0342394 -0.0510824 -0.0162559 
-0.163974 -0.139477 -0.109064 -0.0627181 -0.0179423 0.138433 
-0.0856821 0.0276096 -0.0611775 -0.122847 -0.0920003 -0.044054 
-0.0292708 -0.273267 -0.164913 0.0498013 -0.256831 -0.21521 
1.04024 0.523426 0 0.0232506 -0.824205 0.20829 
0.026775 -0.0508209 0.127233 -0.0849759 -0.0999324 -0.110835 
-0.0328954 -0.165278 0.0551866 -0.0678593 -0.116944 0.00527827 
-0.0170964 -0.00676673 0.116636 -0.0962516 0.0383398 0.326533 
0.117485 -0.00214912 0.0733202 0.0120151 0.0388008 0.0100576 
-0.0639584 0.0756643 -0.165672 -0.256815 -0.121125 -0.0316264 
-0.0174175 -0.057214 0.0795644 -0.127438 0.0964484 0.0649932 
0.210006 0.198372 -0.167426 -0.236502 -0.253159 -0.0238819 
-0.0172916 -0.0196254 0.100921 0.118253 -0.127164 -0.0870416 
-0.0158955 -0.0718881 -0.0426891 0.0278193 0.0285724 0.0991952 
-0.0188397 -0.0340218 0.0094128 -0.0405389 -0.0325833 -0.0349673 
0.00460491 0.0216681 -0.0279492 0.00208314 -0.0530453 -0.0910845 
-0.00596593 0.0474312 0.0280654 0.0147265 -0.0244697 -0.0390263 
0.0300347 0.0361543 -0.0360131 -0.018299 -0.0242643 -0.0515663 
-0.019624 0.0325241 0.0430287 -0.0229383 -0.0540374 0.0439162 
-0.0902428 -0.0347829 0.0466295 0.0480847 -0.0222593 -0.0116263 
0.0171751 0.0664492 -0.0503476 0.00560121 -0.0271946 -0.0153862 
-0.00895497 -0.0232381 -0.0509223 -0.0577918 -0.0715141 -0.136812 
-0.00443209 0.00122546 0.00302142 -0.0173969 -0.0563897 -0.0513796 
-0.0300135 0.0447988 0.00133987 -0.0174535 -0.0031507 -0.0110703 
-0.00443405 0.00405488 0.0173048 -0.00999543 -0.0287246 -0.0182212 
-0.00109098 -0.0500581 -0.0433229 -0.0296857 -0.0548348 -0.0778636 
0.00808894 0.00264814 0.00762091 -0.0303981 -0.0572501 -0.0935656 
-0.02456 -0.120495 -0.0496403 -0.0223056 -0.130214 -0.0631375 
-0.151794 -0.0627927 0.126845 -0.126462 -0.219859 -0.289085 
-0.0435528 -0.0748286 -0.0621878 -0.0864339 -0.0640457 0.0370464 
0.0234787 -0.0551175 -0.0738917 0.0185258 -0.03506 -0.120404 
0.00353265 -0.0287331 0.0292604 0.03801 -0.036548 0.0101496 
-0.0292405 0.012684 -0.0102253 -0.0343461 -0.0375941 -0.0615174 
-0.0146148 -0.0390469 -0.00940414 -0.0239023 0.00654457 -0.0923175 
0.0221525 -0.0355193 -0.0655384 -0.0794999 -0.0963926 -0.0169931 
0.00569642 0.00565618 -0.0534423 -0.0103223 -0.00667722 -0.0186488 
-0.117395 0.0203073 -0.200342 0.127468 -0.0514336 0.273089 
-0.00725284 -0.0362271 0.0042167 -0.0525603 -0.0981953 -0.169431 
-0.0531287 0.0246381 -0.0545258 -0.0379066 -0.0406692 0.0231577 
0.000389601 -0.0364709 -0.129005 -0.0403436 -0.124235 -0.226937 
0.022264 -0.0188662 -0.00420318 -0.0265482 0.0157631 -0.0900939 
-0.016968 -0.0365178 0.00281661 -0.0373765 -0.0261133 -0.0920009 
-0.0328999 -0.0387736 -0.111995 -0.0777512 0.0130264 0.0194687 
-0.0835392 -0.0473881 -0.139076 -0.00292501 -0.0279592 -0.0082352 
-0.177955 -0.216068 -0.0640466 -0.0983856 -0.224489 -0.0146141 
-0.0566473 -0.0984532 -0.158335 -0.123648 -0.118019 -0.272136 
-0.0188406 -0.0539218 -0.10758 -0.0587322 -0.188109 -0.0154116 
-0.0703562 -0.0125908 -0.101531 -0.0258565 -0.0297049 0.00705168 
-0.0288395 0.00781862 -0.107106 -0.0402008 -0.0378125 -0.00912999 
-0.0816466 -0.0094605 0.00261956 -0.0610069 -0.0180179 0.125281 
-0.0238477 -0.0405788 -0.0731641 -0.103295 -0.127935 -0.0843141 
0.112353 0.0175384 -0.129433 -0.134822 -0.0184507 0.52993 
-0.0321236 -0.037118 -0.307961 0.020977 -0.96691 -0.55772 
0.0920886 -0.212187 -0.18219 -0.119809 0.0616341 0.0397717 
-0.0633352 -0.244304 -0.112837 -0.101591 -0.122215 -0.143153 
-0.0517284 -0.03378 -0.0788298 -0.0114539 -0.0259481 0.0582148 
0.0531511 0.0480015 -0.117929 0.0739179 -0.13134 -0.0452495 
-0.0181115 -0.0629689 -0.0569454 -0.144823 -0.0557133 0.087767 
-0.102139 0.0750582 -0.151848 -0.130493 -0.1944 -0.230172 
-0.128217 -0.155573 -0.328441 -0.110317 0.0849397 -0.242602 
0.507614 0 -0.0698586 0.457191 0 0 
-0.0526676 0.133767 -0.0971286 0.068409 -0.623016 0.184551 
-0.0363756 0.105814 -0.0971775 0.18703 -0.19452 0.251297 
0.166302 -0.318479 0.115556 -0.238738 0.0334206 0 
-0.0206521 0.0549461 0.163583 0.138648 0.0651932 0.19636 
0.0362053 -0.0717163 0.199272 0.167722 0.157567 -0.0464382 
-0.0481828 0.149104 0.310481 -0.18083 0.120586 -0.246713 
0.0722685 -0.272417 -0.201209 0.0314445 -0.0999508 -0.575874 
0.293431 -0.0218246 0.00957537 -0.23554 0.177392 -0.32115 
0.00242894 0.0306638 -0.0372754 0.0533159 -0.0461375 0.0291378 
0.00768884 0.0312389 0.0541221 0.00718721 -0.042119 0.0811616 
-0.0083512 0.047745 0.059066 0.0584234 -0.0566215 -0.0457716 
0.0071188 0.0176858 0.0231178 0.0921159 -0.0107714 0.0888758 
0.0430171 -0.00700241 0.0359431 0.0585196 -0.0655749 0.0711292 
-0.00820958 -0.000309423 -0.0407305 0.0216303 -0.0134681 -0.0247558 
0.146378 0.054477 0.165883 0.0974615 -0.262368 0.224414 
0.0397825 0.0262514 -0.143408 0.0451773 -0.0653757 -0.134893 
-0.0281892 -0.0505992 -0.0402135 -0.0596842 -0.0578481 -0.0233266 
0.0186151 -0.0310109 0.0336153 -0.00931262 0.0541829 -0.0236444 
0.0410281 0.0409154 0.00733185 -0.00127772 -0.0270611 0.0223851 
0.0538091 -0.0342713 -0.00995752 -0.0274134 -0.0607041 0.0112473 
-0.00373916 -0.00997363 -0.0109097 -0.0186594 -0.031581 -0.0239087 
0.0224705 0.0184161 0.0229057 0.0212823 0.0441157 0.0201783 
-0.0752261 0.080779 -0.0482271 -0.0109818 -0.00326673 0.0503897 
0.0598712 -0.151831 -0.103257 -0.0959567 -0.348586 -0.187823 
-0.0567916 0.00881748 -0.0441163 -0.0437835 -0.13969 0.0749165 
-0.0259434 0.0743873 0.0437645 -0.0679007 -0.0167312 0.0579739 
-0.0138565 -0.00759425 -0.0529846 -0.0536092 -0.0334282 0.0279715 
0.0433822 -0.00881591 -0.0158337 -0.000123768 -0.0448661 9.28402e-05 
-0.0300352 -0.0179773 -0.0414798 0.0261532 -0.045313 0.0176859 
-0.0236359 -0.0391044 0.0488147 -0.0289714 0.0510904 -0.0490289 
0.0507514 -0.136255 -0.000956363 0.0115879 -0.146385 0.125826 
-0.00330901 -0.132601 0.0883993 -0.254326 0.0115828 -0.142703 
-0.0378174 0.00740335 -0.0221247 -0.120114 -0.0640173 -0.0902498 
-0.0608518 -0.0643364 -0.0491593 -0.0621526 -0.0693019 0.0179274 
-0.0290067 0.0826241 -0.165569 -0.00134747 -0.136686 -0.138993 
-0.0224495 -0.0203987 -0.0560175 -0.00337033 -0.00773531 -0.064877 
-0.00770921 -0.0972868 0.102397 -0.0908841 -0.0791118 -0.0558865 
0.0584846 -0.0576116 0.0145158 -0.0691855 -0.053709 0.0383605 
-0.0548869 0.067229 -0.0222908 -0.043244 -0.126802 -0.107814 
-0.366633 0.277445 0.152257 -0.19379 0.11098 -0.0179993 
0.129309 -0.169275 -0.0696559 -0.124325 0.0525723 -0.0363675 
-0.0396906 -0.00847125 -0.0261659 -0.0400267 0.0339454 -0.0613888 
-0.019763 -0.0620825 -0.026205 -0.00883744 -0.0233057 0.307708 
-0.00499566 -0.00528569 0.00255517 -0.0256638 0.085664 -0.0448485 
0.0226002 0.0174847 -0.0491474 -0.0843842 -0.0650069 0.178151 
-0.0995403 -0.0166317 -0.0310928 -0.037782 -0.08844 -0.218792 
-0.227556 -0.0481708 0.0116708 -0.238163 -0.000507037 0.00363981 
-0.437931 -0.633846 0.0908165 -0.164177 -0.0313244 -0.810905 
-0.0997611 0.0335528 -0.0880386 -0.178455 -0.221082 -0.268766 
0.00912993 -0.0363098 -0.0869668 -0.0774441 -0.133945 -0.0918404 
-0.0158388 -0.0708553 -0.131963 0.195326 -0.0307265 0.0530421 
-0.0945258 0.0166227 -0.0612794 -0.0249785 -0.0424181 -0.218803 
0.044584 -0.0538287 -0.0735851 -0.023917 -0.0287735 -0.0083854 
-0.077847 -0.159805 -0.00977562 0.0083473 -0.220158 0.130381 
-0.123975 0.285215 -0.302114 -0.179334 -0.116335 -0.21108 
0 0 0 0 0 0 
0.0262632 -0.564705 0.860687 0.042244 0.307915 -0.184509 
0.0559034 0.215938 -0.656219 -0.248103 -0.0703634 -0.266888 
-0.467216 0.299453 -0.0243327 0.162914 0 0 
0.715437 0.0359068 0.356054 -0.630821 -0.0308533 -0.224293 
0.0772171 0 0.121128 -0.21074 -0.459938 -0.181889 
0.0136922 0 0 0 0 0.595762 
0.37494 0 0.411646 -0.642174 0 0.405334 
-0.145192 0 -0.270944 0.131694 0.0225372 -0.962265 
0.0509719 0.134437 -0.0442221 -0.0887688 0.11016 0.0130876 
-0.00700168 0.0701806 -0.0141468 0.133734 -0.0395545 0.0454595 
-0.0107571 -0.00844821 0.078451 0.071653 -0.084455 -0.00959614 
0.0964999 -0.118925 -0.000584271 -0.0483941 0.0332739 -0.022377 
0.0369995 -0.050216 -0.129126 0.0464033 -0.0260618 -0.10556 
0.0733797 0.0267553 0.0372118 -0.00124666 0.151689 0.0767959 
-0.0979303 0.0439065 0.0430676 0.14965 0.0792589 -0.151939 
-0.0479542 0.0891444 -0.0351224 0.0914485 0.0953747 0.322104 
-0.0433985 -0.085919 -0.0241572 0.0116788 -0.104782 0.0406449 
0.0108528 -0.0532542 0.011414 0.0915031 0.00527984 -0.0632879 
-0.0517052 -0.0523201 0.068895 -0.00421598 -0.029776 -0.0154592 
0.0319725 -0.0523987 0.059954 0.00793544 0.0675089 0.00857423 
-0.0558245 0.00354833 0.0239289 0.108536 -0.00628709 -0.101716 
-0.0318265 0.0580769 -0.0219635 0.0229305 -0.102618 0.0543314 
-0.0771895 -0.0169773 -0.0310809 -0.100122 -0.189478 -0.246509 
0.0104059 -0.160785 -0.15601 0.425785 0.0818194 -0.172876 
-0.012925 -0.00919053 -0.065276 -0.0572154 -0.0187735 -0.0661996 
-0.0185195 -0.0433846 0.0522597 -0.0266394 0.0243742 -0.0378326 
0.0189864 -0.0388805 -0.0214778 0.0320794 0.0629199 0.00606464 
-0.0523269 0.024343 0.0243412 0.0402441 -0.00290226 -0.0367494 
-0.0282073 -0.0186026 -0.0224247 0.0210692 -0.0974638 -0.044459 
-0.0315321 -0.0928342 -0.0926474 -0.0177427 0.144338 -0.036312 
0.0267682 0.0848309 -0.0959018 -0.0193974 -0.138604 -0.125132 
-0.160399 -0.0856991 -0.352436 -0.129363 0.313301 -0.482979 
0.031221 0.0260711 -0.082266 -0.0657362 -0.09428 0.0786764 
-0.0628558 -0.114922 0.00977872 -0.0317649 -0.101193 0.0491297 
-0.0532818 0.0456236 -0.0765621 -0.0673248 -0.0941001 -0.0498629 
-0.0130896 -0.0409078 -0.000742318 0.02484 -0.0279531 0.0584712 
-0.00534035 0.0136099 -0.0440323 -0.0284878 0.026402 0.00137071 
-0.0392839 -0.0816691 -0.0225659 -0.0552866 -0.0995889 -0.0269508 
-0.0257049 0.015042 -0.0140926 -0.0218997 -0.0906215 -0.0606438 
0.177639 -0.0246709 0.0184746 -0.673009 -0.491735 -0.0365524 
-0.117598 0.002881 -0.074545 -0.0563228 -0.183638 -0.0568768 
0.0154726 0.0325931 -0.161363 -0.0794632 -0.0298733 0.0237342 
-0.0529805 -0.0411694 0.0780617 -0.0302853 -0.215347 -0.0334184 
-0.0146242 -0.0580806 -0.0548029 -0.0787626 -0.00440056 0.123751 
-0.0103288 0.00704002 0.0547261 -0.00557327 -0.0516101 -0.131294 
-0.0297052 -0.0645049 -0.125039 -0.0697041 -0.041743 -0.265621 
0.0438982 -0.0174661 -0.314698 -0.0404635 -0.140379 -0.123242 
0.290449 0.125397 -0.47122 0.26641 -0.131978 -0.136726 
-0.106471 -0.100408 -0.12709 -0.152168 -0.138818 -0.0935368 
-0.065567 -0.130152 -0.000757217 0.00459314 -0.348127 0.0186941 
-0.0342131 0.0306415 0.0268168 -0.141386 0.150495 -0.234001 
-0.0665853 -0.0382172 -0.011114 0.0542812 -0.0846389 0.00908184 
-0.0351573 0.0894775 0.0605052 -0.0526492 -0.14852 -0.0759117 
-0.00484312 -0.0587759 0.00427298 -0.0354735 -0.0828159 -0.086903 
0.0261118 -0.113506 -0.000301361 -0.162609 0.460339 -0.234417 
0 0 0.0205688 0 0.859589 0 
-0.802499 0.66087 -0.198521 0.432505 0 0 
-0.137133 -0.0590887 0.0425491 0 -0.585186 0 
0 -0.543659 0 0.551178 0 0 
0 -0.0847969 -0.0505905 0.171227 0 0 
-0.0391178 0 -0.521551 0 0 0 
0.0242577 0 -0.84803 -0.234066 0 0 
0 0.0951805 0.0179596 0 -0.437233 0 
0 -0.543678 -0.2205 0.315974 -0.524826 0.193016 
0.108286 -0.167794 0.155084 0.135776 0.0672639 -0.189987 
-0.0276723 0.0576994 0.0431149 0.109829 -0.0817593 -0.0647434 
0.109803 -0.0922569 -0.0705367 -0.126601 -0.0844812 0.20473 
0.00541013 -0.128418 0.152269 0.12405 0.331728 0.010087 
0.0957373 -0.0876502 0.0400975 0.229214 0.0523399 0.0334231 
0.145107 0.411362 -0.0200432 0.0399004 -0.150267 0.0919832 
-0.0207809 0.221099 0.191039 -0.156015 0.0637579 0.597418 
-0.180363 0.294279 -0.395879 -0.0320032 0.290579 0.374714 
-0.113076 0.00850068 -0.0403573 -0.056671 -0.0648147 -0.0423281 
0.0163957 0.0586132 -0.0685869 0.0102096 -0.0691862 0.146846 
0.0864 0.0886395 -0.00533687 0.0851498 0.117482 0.158174 
-0.0225519 0.149402 0.0531389 -0.0750854 -0.0487651 -0.0524191 
0.11146 0.0538685 0.027005 -0.0675676 0.0307257 0.000968025 
-0.00367489 0.0215115 0.0846938 0.0335378 0.0659664 -0.226018 
0.164718 0.0491508 0.0420618 -0.0989087 -0.232756 0.0208416 
0.232485 -0.191917 -0.276836 -0.0619114 -0.0776405 0.166227 
-0.0182343 -0.0802661 -0.0350238 0.074556 0.0200872 -0.086788 
0.0365987 -0.0192682 -0.0301959 -0.100792 -0.00549207 0.131927 
0.0380141 0.0835715 -0.0178043 -0.0404309 -0.0497517 -0.298774 
0.00959682 0.0349577 0.0311188 0.0823858 -0.089939 -0.149373 
-0.000611199 0.0257854 0.0126602 -0.0597152 0.076434 0.0886643 
-0.0534091 0.106308 -0.0221818 0.00725555 0.0840351 -0.00590656 
-0.0594405 -0.00646741 0.126438 0.0372379 0.128529 0.125548 
-0.0242393 0.0418961 -0.0340576 -0.106618 -0.0811183 0 
-0.0323938 -0.0484993 0.00782321 0.0220963 0.0989065 -0.0974083 
0.110727 -0.130346 0.0804452 0.00950105 0.0634867 -0.0869648 
-0.00305155 -0.0497686 0.0848157 0.025864 -0.0809219 0.034555 
0.00202919 -0.0631236 -0.0208171 -0.0418192 0.0116742 0.0633341 
-0.0243132 -0.052857 0.0115075 0.10339 0.120239 -0.0204153 
0.0249401 0.00982285 -0.00219882 0.156056 -0.147406 -0.0455101 
-0.0350869 0.015846 0.0233735 0.132277 -0.151124 0.0163243 
0.459989 -0.213565 0.231694 -0.171065 0.0488386 -0.0632248 
0.00493063 -0.0364569 0.101971 -0.179251 -0.130445 -0.116399 
-0.00054371 -0.0877554 0.0904825 -0.0306242 0.0601646 0.000874656 
0.0780757 -0.0535903 -0.056233 0.0551712 0.116357 -0.149846 
-0.0703379 0.0627815 0.10498 0.0100106 -0.042055 -0.199601 
-0.0428896 -0.0295606 -0.0501738 -0.0566499 0.0270578 -0.0822665 
-0.146009 -0.00582613 -0.0392539 -0.0664643 -0.127271 -0.0138371 
0.0524209 0.0667969 0.117733 0.00211665 0.282417 -0.0880143 
-0.174896 0.42415 0.482433 0.0557804 -0.598064 0.85038 
0.123654 -0.0327198 0.00632629 0.000121807 -0.0558029 -0.0964527 
0.0720582 -0.179432 -0.112877 0.0478157 -0.0621624 0.142539 
-0.0799637 -0.0606229 -0.163775 0.0189517 0.00389417 -0.323556 
-0.00213528 -0.204665 0.0188594 -0.0424986 -0.164594 -0.092865 
0.0529237 -0.0692002 0.104084 0.0944091 0.123093 -0.0577698 
-0.00508955 -0.00124836 -0.0970038 -0.0821429 -0.0492865 -0.462781 
0.0251479 -0.115145 -0.00787989 0.0577442 -0.227822 -0.143922 
0 0 0 0.208118 0 0 
0 0 0 0 0 0 
-0.570053 0 0 0 0 0 
-0.175529 0 -0.305561 0 0 0 
0.196243 0 0.148735 0 0 0 
0 0 0 0 0 0 
0 0 0 -0.25588 0 0 
0 0 0 0 0 0 
-0.154186 0 -0.16188 -0.280828 -0.156887 0 
0.0254748 -0.302369 0.0695576 -0.190967 -0.0613556 -0.359786 
-0.0398591 0.0378819 0.411975 0.0281178 -0.0539901 0.160102 
-0.15686 -0.00222137 -0.0542526 -0.155687 0.119651 -0.231583 
0.166969 -0.104414 -0.0071686 -0.0183187 0.0959324 -0.114018 
0.152312 0.223882 0.00450092 -0.345409 0.432182 -0.0471649 
-0.139993 -0.173854 0.125051 0.0839894 -0.155159 0.484812 
-0.20423 -0.0782604 0.0925255 0.270775 -0.144302 0.21209 
0 -0.0278378 -0.150214 0.0793028 -0.554878 -0.164599 
0.155049 0.147975 0.00929749 -0.0791305 0.0194156 -0.114944 
0.0101534 0.0117341 0.0934753 0.0185094 -0.102608 0.012655 
0.0933024 -0.032413 -0.212616 0.124857 -0.0410215 0.0957893 
-0.0158572 0.113639 -0.0139698 0.047696 -0.180236 -0.0880784 
0.022508 -0.0426807 0.128341 -0.0967695 0.0242184 0.0435212 
0.10398 0.171139 0.0263901 0.0335558 0.206811 0.206494 
-0.244834 -0.0607544 -0.0211649 0.351281 0.0797878 0.0899467 
-0.209213 0.181705 -0.213387 0.216704 0 0.422771 
0.0752358 -0.0259307 0.0487128 -0.0400844 -0.0596228 -0.0485009 
-0.021241 0.153027 0.0560085 -0.0645268 0.0644282 0.0227481 
0.0343394 -0.0333881 0.11591 -0.0997388 0.312708 -0.0327516 
0.0309353 -0.050744 0.0318622 0.0873095 -0.0418634 -0.109804 
0.0160436 0.0352073 0.0743886 0.0948413 0.0725273 0.0322404 
0.0750903 0.0342043 -0.0735964 0.0487943 0.00173501 -0.0183519 
0.179035 0.121883 -0.119037 0.100399 -0.0345834 0.624575 
-0.605738 0.121042 0.181892 -0.0499334 -0.0810852 0.0929317 
0.102562 0.0428441 0.0196595 -0.00436828 -0.194171 -0.00799862 
-0.0182086 -0.0283623 0.0538293 0.00425454 0.13333 0.39892 
-0.0603237 0.145791 0.0253729 0.0370284 -0.0319506 -0.173627 
0.0193968 0.101861 0.0272303 0.028975 0.0420977 0.0514819 
0.0712581 0.0471148 0.072946 -0.0882867 -0.0829586 -0.0282338 
-0.038137 -0.216068 -0.014166 0.0341054 0.0737798 0.268764 
0.0795303 0.147789 0.0254003 0.148143 -0.321476 -0.0417984 
0.254461 -0.00121498 0.0266457 0.558004 -0.848289 -0.287418 
-0.134835 -0.0517488 0.0440954 0.0584106 -0.0225946 0.176671 
0.0322005 0.129006 0.0891951 -0.0519508 -0.151904 0.101915 
-0.00384757 -0.0970708 -0.144203 0.00105016 -0.106453 -0.0500278 
-0.0175897 0.0631455 -0.105747 0.00668619 -0.0228613 0.195028 
0.0752431 -0.0106682 -0.0768717 0.0472568 0.02512 -0.0287911 
-0.0391482 -0.163614 0.010301 0.0243408 -0.162196 0.103621 
0.02529 0.171334 -0.184034 0.170007 0.237156 -0.272035 
0 -0.0972054 -0.493073 0.127827 0 0 
-0.142097 0.0379896 -0.0612648 -0.0551158 0.118928 -0.131797 
-0.0440026 0.114347 0.105673 -0.0470307 -0.184681 0.0151842 
-0.0567492 -0.0546044 0.0597218 0.0320821 -0.0159469 0.135131 
0.0226217 0.0155201 0.00169063 -0.0690956 0.00100684 0.0407174 
-0.0940682 -0.148213 0.0806095 0.128297 -0.0360718 -0.037505 
-0.0655132 -0.113716 -0.0440817 0.0676835 0.194475 0.266151 
0.111728 -0.112352 -0.241487 0.0155732 -0.125075 0.518364 
0 0 0 0 0 0 
0 0 0 0 0 0 
0 0 0 0 0 -0.0692635 
0 0 0 0 0 0 
0 0 0 0 0 0 
0 0 0 0 0 0 
0 0.151711 0 0 0 0 
0 0 0 0 0 0 
-0.671619 0 0 0 0 0 
-0.492558 0.102544 -0.0422325 -0.139314 -0.0366058 0 
0 -0.451077 0.104243 0.401313 0.0573139 -1.07969 
0.262739 0.556767 0.00863934 -0.103258 0 -0.0221062 
0.206005 -0.269791 0.102712 -0.00965405 0.63974 -0.0987072 
-0.0328509 0.381327 -0.117848 -0.649944 -0.164999 0 
-0.256058 -0.0177771 0.100916 -0.0794169 0 0.318241 
0 0 0.199011 0 0 -0.104837 
0 0.0126279 0 -0.830439 0 0.238441 
0.0357802 -0.0286674 -0.0361604 0.181764 -0.132477 0.293554 
-0.170594 -0.1338 0.071661 0.26466 -0.00896009 -0.237063 
0.31056 -0.148178 -0.00319366 0.24914 0.013361 0.121573 
0.266593 0.239119 0.165822 0.166935 0.00859833 -0.147724 
-0.227945 0.0524241 0.0439589 0.0836239 0.161216 0.105021 
0.307754 0.328749 0.191681 0.0745665 0.0326703 0.0589333 
-0.0973358 0.0183773 -0.246892 -0.215399 0 -0.00931168 
-0.294352 -0.345554 -0.325855 0 0 0.591034 
-0.0463607 0.170668 -0.0390942 -0.00395144 0.0406941 0.102821 
-0.014336 -0.0833833 -0.0784354 0.0134294 0.134943 -0.838638 
-0.136833 -0.0160041 0.101166 0.126383 -0.236004 0.130866 
-0.0923174 0.0435678 -0.035448 0.0664891 0.00357437 0.167569 
-0.0541725 -0.052059 0.146025 -0.0617315 0.112214 0.170403 
0.098092 -0.0375534 0.219672 0.0713929 -0.150742 0.248426 
-0.0273619 -0.26486 -0.200966 -0.251362 0.29281 0.182252 
0 0.135338 -0.557203 -0.902578 -0.363136 0 
-0.109865 0.221785 0.209816 -0.129923 -0.204276 0.089106 
-0.0132491 -0.0117693 -0.0770041 -0.0836101 -0.0635668 -0.228397 
-0.151853 -0.00235922 0.0352926 0.0488892 -0.0831886 0.46225 
-0.147254 0.0224694 0.0748001 0.136712 -0.00385402 0.174227 
-0.126208 0.0146146 0.220672 -0.0270486 0.077468 -0.139381 
0.129031 0.0802948 -0.0201874 0.1728 0.00995185 -0.286093 
0.0952444 0.0835272 0.231527 0.0153918 -0.0876079 0.417545 
0.521331 0.334732 -0.442251 0.0868473 -0.280643 0 
0.0113575 -0.0297836 -0.194329 -0.0979532 -0.206594 -0.0147781 
0.0863488 0.0891231 -0.241516 -0.0347945 -0.0483506 -0.333543 
0.291583 0.202716 0.00822554 -0.0106936 -0.142962 -0.0530357 
0.00566231 0.168102 0.0257376 -0.107371 -0.0717461 0.0815968 
-0.0635264 -0.0382671 0.0661326 0.130666 -0.333396 0.145791 
0.0168787 0.0354037 0.140911 0.0135835 -0.217585 -0.0992718 
-0.0196762 0.0420662 0.479671 0.100402 -0.0481071 0.0821714 
-0.252693 -0.0822487 -0.380226 0 0 0 
0.16393 0.0429102 -0.160159 0.0412319 -0.425853 0.00749588 
-0.0018184 -0.153719 0.227551 -0.0180947 0.0191269 0.27722 
-0.127655 -0.109275 -0.0974211 -0.154282 -0.244312 -0.889977 
-0.0148849 0.0271061 -0.0839745 0.21298 -0.215215 0.219013 
0.0907413 -0.185647 0.0353636 -0.0591878 -0.0821075 -0.2098 
-0.226369 0.4917 0.152423 -0.0275377 -0.108564 0.0144768 
0.093106 -0.44503 0.222987 0.152936 0.0949051 0.393227 
0 0 0 0 0 0 
0 -0.355518 0 0 0 0 
0 0 0 0 0 0 
0 0 0 0 0 0 
0 -0.161682 0 0 0 -0.456238 
0 0 0 0.296913 0.124714 0 
-0.25514 0.24239 0 0 0 0 
0 0 0 0 0 0 
0 0.905968 -0.2486 0 0 0 
-0.224739 -0.203051 0.01914 -0.0563066 -0.0232872 0.171552 
0.301216 -0.491142 -0.0428778 0.0917039 -0.137552 -0.0193672 
0.102081 0.0991344 -0.07269 0.483972 -0.292586 0 
-0.223756 0.196645 0.283802 0.0846539 -0.126048 0 
0.0673777 -0.136715 0.191351 -0.125402 -0.160736 0.404914 
-0.579959 0.0887192 0.211618 -0.0237051 0.541159 -0.43301 
0.650696 0.316662 0.459675 -0.0598475 0.0370407 -0.339195 
0 -0.884838 0 0.17416 0 0 
0.0617714 -0.26931 0.129742 -0.0769469 0.505671 -0.452675 
0.252719 -0.0677212 -0.229094 0.0712762 0.258456 0.0371284 
0.148046 -0.434645 0.000583649 0.330451 0.163315 -0.00154877 
-0.0807915 0.14631 -0.0122106 -0.0345929 0.440458 0.0149857 
-0.0183125 0.0934289 -0.0327878 0.146622 0.143284 -0.38855 
0.437874 0.39756 -0.494953 -0.0364151 0.204044 0.241875 
0 -0.319599 0.166092 -0.0281887 -0.111279 0 
0 0.222721 -0.203499 0.370945 0 0 
0.0333226 -0.0485401 -0.134064 0.0088952 0.246761 -0.130341 
-0.101096 0.0967201 -0.0364463 0.0243359 0.0522448 -0.00632095 
0.0504417 6.00815e-05 0.0196519 0.185763 -0.421108 0.159528 
-0.0907205 0.034442 0.0667946 -0.0887993 0.206649 0.0173159 
-0.0121129 0.403526 -0.104022 0.163676 0.61542 -0.554657 
0.170625 0.162106 0.192032 0.312701 -0.0621753 0.185976 
-0.124176 0.534588 -0.584013 -0.197334 0 0.0683912 
-0.0978622 0.478683 0 0 0.176846 0.200241 
-0.0101409 0.135142 -0.109033 -0.230033 0.0469887 -0.113501 
0.0452134 0.194538 0.249191 0.0619435 0.0595945 0.0565065 
0.0393291 -0.232813 0.0838994 0.189468 -0.167602 0.0829569 
0.0880112 0.242373 -0.0616649 0.0686148 0.188558 0.149796 
0.181349 -0.0256378 0.0728897 0.276344 0.152825 0.1394 
0.0603679 0.210149 0.303829 0.0483011 0.838089 -0.0906265 
-0.1146 0.83382 0.00637817 0.0765549 0.644839 -0.00748316 
0 -0.038187 0.148689 0 0 0.318024 
0.195356 0.0709565 -0.110316 0.133385 0.0497521 -0.0255944 
-0.0170194 0.315357 -0.00373421 0.107715 -0.0240996 0.0464878 
0.279716 -0.170343 -0.02362 0.0875634 0.173524 0.0508308 
-0.102497 -0.0164603 0.147361 -0.0145703 0.0338818 0.0198233 
0.425676 0.247784 0.107669 0.11172 -0.0127366 -0.0169973 
0.353588 0.29048 0.124704 0.0225164 -0.0522079 0.200298 
0.368354 -0.0441602 -0.364283 -0.14426 -0.499886 0 
0 -0.58713 0.058342 -0.272038 0.0167427 -0.0487442 
-0.00920057 0.0361508 0.157585 -0.0240133 -0.014576 0.0440445 
0.000374534 0.0682869 0.133913 -0.0931503 0.120487 0.118589 
-0.287647 -0.0448649 0.0365526 0.0555912 -0.284757 -0.310698 
0.153941 0.0573934 0.00526545 -0.0449142 -0.0555804 0.0237068 
0.0133796 -0.0256497 0.113318 -0.127744 -0.12415 -0.0471757 
0.0570295 -0.0316481 0.0455297 0.216999 -0.0805605 0.496475 
0.0579715 -0.229704 0.42173 -0.170379 0.733475 0.668568 
