5
0 100 150 200 1000
5
0 2 4 6 100
4
-1.2 -0.4 0.4 1.2
0.12927 0.942144 0.0241368 0.113105 8.96955 8
0.117061 0.989487 0.0150484 0.0657687 12.7398 8
0.128073 0.907649 0.018297 0.0789381 21.8724 8
0.10663 0.968964 0.0169292 0.0692022 10.1431 8
0.0850707 1.03763 0.0112575 0.0479524 6.53695 8
0.0672105 1.01352 0.0138297 0.0578603 3.30028 8
0.0333714 1.06313 0.0256748 0.0989317 9.10449 8
0.0895855 0.860225 0.0170331 0.0688101 11.1147 8
0.0130915 1.14996 0.0222855 0.08602 5.09874 8
0.00340156 0.841221 0.052236 0.215758 9.87693 8
0.0321344 1.09298 0.038716 0.154236 14.7273 8
-0.0257296 1.27373 0.052426 0.201349 15.8567 8
0.157958 1.17962 0.10117 0.333663 8.44932 7
0.147912 0.836426 0.0607896 0.220694 1.90065 7
0.191325 0.893671 0.0731703 0.23792 10.3356 7
0.138995 0.842419 0.0395713 0.149551 10.2049 8
0.0848529 1.23414 0.0284378 0.108632 13.8901 8
0.0729681 1.14646 0.0321281 0.117253 14.4598 8
0.07593 1.02428 0.0402783 0.155586 9.56845 8
0.0908646 1.10813 0.0272016 0.106015 9.21366 8
0.107966 0.994965 0.0352728 0.129402 10.724 8
0.0249876 1.35886 0.0869533 0.311077 15.1284 7
0.107427 0.993391 0.0465296 0.185063 6.29823 8
0.0552811 0.920583 0.0625436 0.236662 18.9964 8
-0.236334 1.63129 0.269726 0.868247 6.62498 1
0.464458 -0.342713 0.177798 0.569103 17.8896 5
0.490393 -0.827609 0.162844 0.458128 0.467814 3
-0.000579442 1.54668 0.0741803 0.268633 3.5092 8
0.0885413 1.12004 0.0494905 0.179637 23.6792 8
0.110629 1.00312 0.0717126 0.248942 3.18177 8
0.21762 0.698716 0.00659801 0.10346 7.87401 8
0.136627 0.988315 0.0366741 0.139113 8.68898 8
0.0813629 1.07216 0.0529656 0.198427 7.67538 8
-0.202632 1.88371 0.11489 0.377605 15.1725 7
0.121465 1.04059 0.0563209 0.205889 18.4486 8
0.00235683 1.15991 0.0759469 0.224754 7.84183 8
0.9234 -3.17877 0.268187 2.13148 3.37996e-22 0
0.138043 1.10434 2.68792 21.5034 1.06733e-31 0
-0.0843316 2.06103 0.152223 0.667366 0.995089 1
0.0111455 1.60141 0.13496 0.43165 8.59501 7
0.1462 0.993071 0.0852132 0.31503 15.1907 7
0.0250952 1.8291 0.174644 0.6016 3.95809 7
0.0953644 1.03836 0.101088 0.355318 5.00392 7
0.0495636 1.13969 0.0799479 0.268037 20.2018 7
0.112 0.973879 0.0933289 0.313713 11.6443 7
0.336923 0.398095 0.162294 0.599885 16.6763 7
0.0240242 1.04142 0.0820171 0.290933 5.62245 8
0.129338 1.20221 0.104004 0.35273 11.2201 7
