2
-2.1 2.1 
2
15 10000 
4
-100 -2 2 100 
5
0 2 4 6 1000 
5
0 50 100 150 1000 
0.00564062 35.7158 -5.00863 1.47007 37.769 0.103782 0.727825 0.012679 0.0436353 9.63827 8
-5.32828e-05 37.0291 -7.67126 1.54188 74.615 0.133932 0.817705 0.00736611 0.0217874 12.9113 8
-0.00691394 38.8726 -10.2969 1.60949 120.72 0.166914 0.836855 0.0107396 0.0276527 15.0652 8
-0.0210248 41.778 -12.6927 1.66506 182.499 0.216436 0.868341 0.0195092 0.0487852 10.4971 8
0.00078374 35.5275 -4.91234 2.75191 39.1758 0.0810799 0.7725 0.00812639 0.0264962 19.8731 8
-0.00577967 36.7055 -7.09631 2.85556 77.2916 0.106709 0.816475 0.00381177 0.0109523 29.658 8
-0.00618138 38.0705 -9.20695 2.94928 122.788 0.137738 0.864748 0.00417218 0.0109308 20.1442 8
-0.0111997 39.8137 -11.2782 3.0609 190.497 0.1986 0.869337 0.00566199 0.013524 17.2689 8
-0.00499758 35.2903 -4.62389 4.59159 40.7065 0.0579689 0.769042 0.0218958 0.0672319 4.26665 8
-0.00217447 36.2936 -6.66342 4.6813 79.5729 0.0855264 0.797789 0.00773344 0.0220884 10.5045 8
-0.00464074 37.2915 -8.4527 4.7376 124.66 0.107144 0.86811 0.00657854 0.0170386 17.1662 8
-0.00260996 39.0356 -10.6996 4.81041 201.274 0.1743 0.879948 0.0068489 0.0160576 21.2195 8
-0.157266 35.3806 -4.18389 6.63257 42.0781 -0.0541381 1.38678 0.0563087 0.100515 23.9353 7
-0.0035496 36.2358 -6.47406 6.80019 82.0237 0.0322804 0.914741 0.0238473 0.0631132 13.7432 8
0.0163922 36.8984 -7.88937 6.94132 126.329 0.114662 0.825389 0.0153094 0.0389507 9.63691 8
0.00185685 38.5431 -10.2924 7.12664 217.411 0.144114 0.94251 0.0123363 0.0282754 17.3082 8
0.0098436 33.8281 -0.0146153 1.45888 34.5866 0.101793 0.726219 0.0096198 0.0324184 5.50366 8
-0.00413813 34.006 -0.0140115 1.55156 72.2892 0.144941 0.747273 0.0086143 0.0252903 8.78863 8
0.0115174 34.092 -0.0281327 1.63227 119.656 0.187068 0.803044 0.0156984 0.0404529 22.2575 8
0.0122504 34.1394 -0.0029086 1.67224 177.83 0.196221 0.912095 0.0300772 0.074136 6.90042 8
-0.00524779 33.7115 -0.0134222 2.76731 36.8184 0.0909725 0.744263 0.00677887 0.0222296 17.4348 8
0.000664583 33.9761 -0.0225304 2.86737 74.9943 0.107575 0.802948 0.00419263 0.0121827 11.5581 8
-0.00921374 34.099 -0.0270893 2.96532 121.438 0.144411 0.839876 0.00548788 0.0145892 6.28831 8
-0.0133872 34.2219 -0.0193387 3.07956 185.686 0.191837 0.86001 0.00880444 0.0214649 12.6197 8
0.0104553 33.8819 0.0148226 4.59479 38.7642 0.0448857 0.769251 0.0175978 0.0570326 4.90322 8
-0.00934147 34.0114 -0.0320665 4.67952 77.3671 0.0901868 0.81349 0.00824913 0.0225365 10.6908 8
-0.00300693 34.08 -0.0144893 4.7373 123.398 0.124112 0.814694 0.00869547 0.022516 8.64559 8
-0.0023513 34.3398 -0.0247731 4.81728 194.674 0.150773 0.914284 0.0105676 0.0252196 7.11596 8
0.0146335 33.9463 -0.102617 6.74232 40.0937 -0.0035068 0.879523 0.0519073 0.138929 1.24153 8
0.0060879 34.1367 -5.43395e-05 6.85096 80.2967 0.0278115 0.860007 0.02349 0.0671893 4.36724 8
-0.00133876 34.3479 -0.0604101 6.93363 124.245 0.0835612 0.894075 0.019767 0.0492597 7.78528 8
-0.0108892 34.2676 -0.0478689 7.10187 208.81 0.171818 0.852665 0.019412 0.043719 5.3681 8
-0.0123646 32.4485 4.42466 1.47477 36.9765 0.109293 0.776948 0.0139036 0.045256 8.69548 8
0.00858722 32.2719 5.73134 1.5506 74.0773 0.15511 0.750567 0.00871138 0.0256974 9.81502 8
0.00570241 32.5927 6.7944 1.63088 120.069 0.176642 0.848215 0.0137227 0.0373556 2.01089 8
-0.00241582 32.9105 7.61396 1.67669 179.812 0.208548 0.878391 0.0265565 0.0665094 5.00374 8
0.0093508 32.492 4.46587 2.75746 38.7495 0.0911254 0.739299 0.00888135 0.0275115 5.38951 8
-0.00704342 32.6061 5.52637 2.85942 76.5927 0.125167 0.774368 0.00447089 0.0128847 16.7006 8
-0.00887432 32.7129 6.361 2.9615 122.415 0.15648 0.819938 0.00508625 0.0137477 20.4636 8
-0.0124323 32.8554 7.40618 3.07416 188.47 0.205239 0.85063 0.00696497 0.0169506 17.5988 8
-0.0191588 32.7086 4.24851 4.60256 40.3303 0.0744052 0.744133 0.0222921 0.0666878 3.45367 8
-0.00550133 32.712 5.31689 4.6838 78.9498 0.0851082 0.798909 0.00901959 0.0254682 8.05477 8
-0.00721612 32.9236 6.1971 4.73804 124.322 0.121022 0.820554 0.00797043 0.0205471 6.087 8
-0.0127449 33.0396 7.28569 4.82174 200.134 0.166129 0.894318 0.00833683 0.0201355 9.8333 8
0.100988 32.4935 3.97895 6.67251 41.8616 0.465662 -0.0669492 0.0188403 0.12094 14.3462 5
0.0125193 32.6038 5.32803 6.85489 81.4948 0.078956 0.791028 0.0243333 0.0690605 5.10578 8
0.000539784 33.2766 5.95463 6.96578 125.866 0.104309 0.833449 0.0178337 0.0467669 5.04272 8
-0.00314826 33.42 7.1591 7.12406 215.637 0.174527 0.871165 0.0143226 0.0339062 8.42408 8
