10
-2 -1.1 -0.9 -0.6 -0.3 0 0.3 0.6 0.9 1.1 2 
6
10 25 30 35 40 50 100 
21.0862 0.553934 0.545021 -4.28071
27.7362 0.672753 0.63074 -3.67361
32.6435 0.723466 0.717688 -5.38983
37.4571 0.783952 0.786253 -6.35584
43.1587 0.838292 0.853877 -7.55921
59.6304 0.888782 0.874495 -2.16198
21.0076 0.757305 0.760614 -6.97668
27.6629 0.864825 0.856238 -6.21869
32.6417 0.912288 0.905968 -6.89363
37.5035 0.939343 0.923255 -5.19788
43.0979 0.970278 0.962799 -6.28859
59.7574 0.980887 0.970723 -3.12635
20.8816 0.786587 0.783688 -6.19594
27.6354 0.860848 0.852591 -6.19999
32.6357 0.90164 0.896461 -6.12907
37.5121 0.920916 0.918174 -5.80818
43.0474 0.941701 0.944445 -6.18616
59.9543 0.945065 0.970073 -5.9749
20.7797 0.7857 0.779363 -6.73818
27.6168 0.835906 0.833561 -6.77793
32.6219 0.861552 0.871694 -7.25036
37.5245 0.883667 0.877199 -6.33523
42.9902 0.890912 0.886886 -6.95217
59.9934 0.912844 0.88943 -4.81118
20.6962 0.778325 0.769983 -6.92571
27.6052 0.821928 0.819948 -7.46383
32.6153 0.84165 0.858476 -8.26175
37.5378 0.854242 0.871086 -7.8268
42.9937 0.863714 0.880487 -7.39941
60.2223 0.881671 0.877596 -7.36359
20.7221 0.769865 0.762142 -7.17853
27.599 0.828412 0.827717 -7.46447
32.6239 0.836273 0.855538 -8.17813
37.5303 0.848699 0.876786 -8.14457
43.0074 0.859007 0.882102 -8.62721
60.2109 0.864496 0.915992 -11.3712
20.7744 0.776333 0.770724 -6.65002
27.6078 0.845301 0.846643 -7.4413
32.6084 0.864226 0.872328 -7.46061
37.5336 0.880175 0.887227 -7.22223
43.0292 0.896058 0.896108 -6.6694
60.2083 0.895028 0.895003 -5.69718
20.8833 0.787232 0.785188 -6.96135
27.6392 0.880456 0.855265 -6.16293
32.6332 0.90116 0.897588 -6.21343
37.5049 0.929021 0.929683 -6.38284
43.0395 0.94622 0.95569 -6.60559
59.9344 0.9626 0.9632 -4.89216
21.0003 0.766265 0.730645 -5.85763
27.644 0.862307 0.864094 -6.96661
32.6382 0.910938 0.910408 -6.68823
37.4931 0.948677 0.939024 -6.8171
43.0883 0.965245 0.982827 -7.76288
59.7807 0.987771 1 -7.76915
21.1527 0.614951 0.63532 -8.02413
27.6765 0.718632 0.662688 -2.93596
32.6461 0.754625 0.705501 -5.00129
37.5168 0.826089 0.785683 -4.41271
43.2662 0.87466 0.862879 -6.3681
60.7026 0.919835 0.966597 -6.49944
