2
-2.1 2.1 
2
15 10000 
4
-100 -2 2 100 
5
0 2 4 6 1000 
5
0 50 100 150 1000 
0.0102658 35.7191 -5.04488 1.46758 37.6435 0.0552444 0.908676 0.0122425 0.0421611 9.66265 8
0.00317716 37.2494 -7.76266 1.53577 74.3598 0.111208 0.847885 0.00742085 0.0215401 16.0058 8
0.00640078 39.4083 -10.4827 1.59982 120.597 0.16417 0.819306 0.0115839 0.0309191 19.4774 8
0.0369218 41.9859 -13.337 1.64011 181.962 0.235565 0.77024 0.0204467 0.0496377 8.0647 8
0.0193973 35.814 -4.94051 2.72255 39.0703 0.0582338 0.824303 0.00869315 0.0283518 18.48 8
0.000626551 36.7127 -7.1789 2.8201 76.7883 0.100363 0.826411 0.00416302 0.011898 26.7902 8
0.0022289 38.2043 -9.32073 2.90296 122.413 0.127788 0.859781 0.00493985 0.0127693 17.4523 8
-0.016963 40.0933 -11.4976 3.00614 189.515 0.182736 0.875066 0.0068374 0.0165104 11.5013 8
-5.85119e-05 35.9647 -4.76363 4.44274 40.2931 0.0291372 0.815585 0.0351472 0.0976151 12.5525 8
-0.00274019 36.5064 -6.89322 4.49642 79.2967 0.0653804 0.864779 0.0126103 0.0351513 10.6633 8
-0.00289617 37.559 -8.57449 4.54024 124.487 0.101435 0.870716 0.0116367 0.0295811 9.40487 8
-0.00170225 39.4269 -10.8248 4.58357 198.905 0.140945 0.962262 0.013229 0.0307084 22.3138 8
0.0916748 31.555 -4.17373 6.10772 35.3665 0.188077 1.25385 2.22057 14.8038 0 0
-0.182287 34.053 -5.43073 6.20324 77.8784 -0.197712 2.48588 0.192906 1.00442 5.35185e-24 0
-0.0825365 35.7828 -6.78243 6.21891 127.26 -0.492026 1.36902 0.106317 0.204919 37.8734 6
0.0012174 35.6576 -9.83644 6.15764 193.304 -0.204843 1.88862 0.0966617 0.359962 1.78083 5
0.0226865 33.6903 -0.00485839 1.48774 34.0513 0.0978068 0.710361 0.00949297 0.0326125 13.7756 8
0.00592304 33.9375 -0.021029 1.54678 71.7518 0.118618 0.801575 0.00819419 0.0234244 9.23971 8
-0.00665968 34.2937 -0.0440002 1.60674 119.111 0.144925 0.846626 0.0158251 0.0423163 9.00167 8
-0.00457967 34.1033 0.0188307 1.65091 176.709 0.261123 0.730385 0.0327156 0.0799325 3.79512 8
0.0081964 33.7462 -0.0202101 2.72473 36.1476 0.0708477 0.769091 0.00702541 0.0231716 12.9473 8
-0.00247281 33.9049 -0.0324787 2.82522 74.4124 0.101263 0.796918 0.00461481 0.0132305 20.8693 8
-0.000947629 34.0991 -0.0250776 2.91805 121.022 0.147252 0.803055 0.00660253 0.0174632 20.6712 8
0.000480112 34.4754 -0.0117489 3.03302 183.89 0.168126 0.895633 0.0107278 0.026103 12.1346 8
0.0192159 34.1272 -0.032927 4.43457 37.8133 -0.00118776 0.836436 0.0280691 0.085601 3.01472 8
0.00117613 33.739 -0.0101203 4.49939 76.7964 0.0687771 0.846594 0.0131692 0.0369314 7.75636 8
-0.00644363 33.8911 -0.00667494 4.54038 122.852 0.127642 0.847741 0.0153432 0.0392577 3.70096 8
-0.0120465 34.2725 -0.0517575 4.58724 192.406 0.159036 0.941544 0.020072 0.048049 3.11549 8
0.208252 30.0354 -0.443398 6.02866 37.9332 0.0178142 0.118761 5.03272 33.5515 0 0
0.321235 37.8175 -0.418636 6.21468 82.072 -0.75323 4.65514 0.731842 3.32137 4.3491e-23 0
-0.268873 36.2985 -0.14554 6.18693 120.537 -0.278872 0.510238 0.224215 0.690738 0.0139827 1
0.0644087 35.3663 0.74406 6.36425 184.806 0.555149 -0.554036 0.0853567 0.626739 3.30549 1
-0.00126592 32.4641 4.48868 1.47007 37.0845 0.0969126 0.778033 0.0129492 0.0428866 4.20194 8
0.00279385 32.3729 5.66647 1.5375 73.5375 0.133306 0.790555 0.00867237 0.0255726 4.38688 8
-0.0136544 32.6296 6.76412 1.60213 120.012 0.178699 0.783531 0.0138931 0.0374632 4.94645 8
-0.0217697 32.9017 7.78333 1.65403 183.135 0.161878 1.01732 0.0249096 0.0643757 19.8683 8
0.00168291 32.4457 4.4087 2.72831 38.4182 0.102357 0.69653 0.00979509 0.031711 3.75979 8
0.000190527 32.5846 5.49574 2.81883 76.2669 0.123555 0.781523 0.00504096 0.0143575 25.495 8
-0.00758397 32.6931 6.48714 2.91175 122.148 0.148876 0.830916 0.00595858 0.0158623 30.2452 8
-0.00826138 32.9676 7.65482 3.01592 188.594 0.200857 0.854318 0.00840685 0.0204436 18.8064 8
-0.00614767 32.7975 4.18749 4.44987 39.8323 0.0386449 0.785122 0.0386808 0.112678 7.89856 8
-0.00510517 32.4674 5.30291 4.50241 78.4105 0.0843803 0.818681 0.015349 0.0419921 14.1596 8
-0.00691845 32.9244 6.12996 4.54441 123.8 0.135071 0.806004 0.0144046 0.0358114 13.997 8
-0.00598705 33.0933 7.3241 4.58664 195.734 0.174323 0.869796 0.0166009 0.0405892 6.54598 8
0.145081 31.3672 4.90599 6.07358 33.6301 0 0 0 0 0 0
-0.0324571 34.8789 4.0137 6.25146 80.0445 -0.352687 1.27527 0.223589 0.472918 1.78907e-24 0
0.15167 36.2687 5.99422 6.21157 121.595 0.0910225 0.948124 0.0769581 0.13641 4.75759 4
-0.0347143 32.4885 6.86843 6.18476 198.279 0.208756 0.394106 0.1636 0.369523 5.88241 3
