10
-2 -1.1 -0.9 -0.6 -0.3 0 0.3 0.6 0.9 1.1 2 
6
10 25 30 35 40 50 100 
21.086 0.550547 0.53418 -5.29031
27.663 0.651174 0.615881 -4.2358
32.7051 0.712633 0.692486 -5.50625
37.4862 0.759959 0.746113 -5.02765
43.191 0.822794 0.822816 -6.56586
59.6557 0.844563 0.887154 -3.94719
20.9975 0.734439 0.722594 -6.19974
27.6919 0.843025 0.826343 -5.81866
32.6389 0.890467 0.879407 -6.40019
37.5073 0.92371 0.922585 -7.16915
43.0788 0.946314 0.94086 -6.29917
59.8881 0.977905 1 -7.18734
20.9195 0.764914 0.746143 -5.9511
27.6488 0.852057 0.841656 -6.2143
32.6244 0.879506 0.878298 -6.38109
37.513 0.904585 0.910089 -6.27556
43.0268 0.926799 0.934032 -6.75947
60.0631 0.936882 0.938916 -6.04072
20.7361 0.767747 0.752514 -6.40227
27.6252 0.82832 0.820869 -6.4561
32.6246 0.850246 0.846852 -6.69998
37.5193 0.874696 0.874556 -6.92086
43.0053 0.887648 0.877493 -6.33897
60.1131 0.889045 0.9019 -6.84666
20.7006 0.765567 0.765077 -7.30085
27.6159 0.817283 0.80678 -7.27751
32.6258 0.835355 0.829684 -7.32769
37.5285 0.844297 0.850807 -7.29457
42.9981 0.853854 0.871351 -8.21149
60.1419 0.857631 0.867021 -8.46844
20.6826 0.75605 0.746016 -6.6857
27.6097 0.807381 0.809287 -7.77581
32.6208 0.824477 0.840726 -7.56958
37.5332 0.844548 0.855913 -7.55384
42.9934 0.853842 0.857302 -7.0173
59.9078 0.858741 0.863502 -5.86574
20.7865 0.763712 0.763527 -7.05593
27.6282 0.826381 0.8198 -7.00686
32.6247 0.843284 0.848405 -6.5395
37.5285 0.862574 0.866404 -6.81305
43.014 0.875155 0.897475 -7.35781
60.0373 0.888079 0.885657 -6.69899
20.9043 0.777392 0.759784 -6.31884
27.6527 0.858722 0.851716 -6.76251
32.623 0.887609 0.881219 -6.27695
37.5094 0.911353 0.918611 -7.08322
43.0509 0.928098 0.928738 -5.84102
59.8656 0.953778 0.960101 -6.66493
21.0306 0.74473 0.717433 -5.77305
27.6489 0.854042 0.839388 -7.31703
32.6402 0.898952 0.873061 -6.41197
37.5127 0.921702 0.921438 -6.84483
43.0813 0.945439 0.967184 -7.83182
59.6937 0.984799 0.95384 -3.95805
21.1878 0.598801 0.5368 -3.87328
27.6674 0.719225 0.681017 -6.55154
32.6624 0.749616 0.741317 -6.25696
37.4995 0.804559 0.793337 -6.51855
43.198 0.849899 0.834946 -5.58854
60.5413 0.910263 0.897764 -9.50005
