2
-2.1 2.1 
2
15 10000 
4
-100 -2 2 100 
5
0 2 4 6 1000 
5
0 50 100 150 1000 
0.00564062 35.7158 -5.00863 1.47007 37.769 0.103782 0.727825 0.012679 0.0436353 9.63827 8
-5.32828e-05 37.0291 -7.67126 1.54188 74.615 0.133932 0.817705 0.00736611 0.0217874 12.9113 8
-0.00691394 38.8726 -10.2969 1.60949 120.72 0.166914 0.836855 0.0107396 0.0276527 15.0652 8
-0.0210248 41.778 -12.6927 1.66506 182.499 0.216436 0.868341 0.0195092 0.0487852 10.4971 8
0.000668144 35.5279 -4.9125 2.75231 39.1738 0.0813247 0.771365 0.00812574 0.0264942 20.0381 8
-0.00577762 36.7063 -7.09588 2.85606 77.2905 0.106692 0.816676 0.00381049 0.0109484 29.8222 8
-0.00616404 38.0712 -9.20652 2.94964 122.787 0.137724 0.864779 0.00417264 0.0109306 20.3458 8
-0.011259 39.8143 -11.2803 3.0612 190.489 0.198291 0.869959 0.00566319 0.0135244 17.3149 8
-0.00231972 35.253 -4.68425 4.68 40.7892 0.0602364 0.747519 0.0209412 0.0657938 5.3728 8
-0.00141608 36.2761 -6.64803 4.77572 79.641 0.0880398 0.787158 0.00728356 0.0207773 13.1159 8
-0.00279246 37.2555 -8.44446 4.84066 124.757 0.1053 0.874618 0.00616898 0.0159816 18.0942 8
-0.00411789 38.9674 -10.6534 4.94139 202.311 0.177867 0.877103 0.00630595 0.0147164 20.8183 8
-0.0113557 35.4906 -4.58857 6.71431 41.9513 0.0119138 0.893625 0.0406618 0.110824 6.79544 8
-0.00570388 36.1535 -6.41925 6.77265 81.9345 0.0483432 0.838543 0.0117874 0.0314784 10.1551 8
-0.0030092 36.9055 -7.99039 6.85466 126.092 0.0903948 0.863835 0.00816292 0.0206626 14.0134 8
-0.00612075 38.5206 -10.3474 6.97568 216.152 0.160809 0.902604 0.0065116 0.0148596 10.1817 8
0.00999558 33.8285 -0.0147051 1.45882 34.5872 0.101999 0.725613 0.00962045 0.0324195 5.50377 8
-0.00413813 34.006 -0.0140115 1.55156 72.2892 0.144941 0.747273 0.0086143 0.0252903 8.78863 8
0.0115174 34.092 -0.0281327 1.63227 119.656 0.187068 0.803044 0.0156984 0.0404529 22.2575 8
0.0122504 34.1394 -0.0029086 1.67224 177.83 0.196221 0.912095 0.0300772 0.074136 6.90042 8
-0.00532212 33.7097 -0.0133539 2.76781 36.8187 0.0909469 0.744299 0.0067758 0.022219 17.4385 8
0.00071367 33.9758 -0.0225814 2.86767 74.9936 0.107571 0.803099 0.00419136 0.0121794 11.6944 8
-0.00918724 34.0993 -0.0268346 2.96574 121.438 0.144166 0.840322 0.00548653 0.0145858 6.18253 8
-0.0134379 34.222 -0.0194082 3.07989 185.687 0.191705 0.860117 0.0088007 0.0214593 12.7773 8
0.00640737 33.8035 0.00651596 4.67782 38.9194 0.0485798 0.756118 0.0169521 0.0552531 5.70406 8
-0.0061137 34.005 -0.0285346 4.77215 77.4895 0.0844433 0.81922 0.00784089 0.0213989 13.6249 8
-0.00520881 34.0669 -0.0130112 4.84168 123.537 0.12463 0.818449 0.00814712 0.0209671 9.17596 8
-0.00197602 34.3383 -0.0314261 4.94761 195.758 0.155654 0.908185 0.00973829 0.0232066 9.69225 8
-0.0110893 34.2444 0.00158077 6.71674 40.4008 0.0757374 0.664832 0.0305232 0.092399 6.85813 8
-0.00771568 34.0162 -0.00777007 6.77678 79.8516 0.06608 0.779672 0.0120746 0.0336426 13.7187 8
-0.00131155 34.1719 -0.0433355 6.85816 124.667 0.084351 0.878564 0.0103249 0.0259086 8.36211 8
-0.0102027 34.3756 -0.0451617 6.97667 208.143 0.162359 0.865825 0.00991924 0.0225267 5.71496 8
-0.0123646 32.4485 4.42466 1.47477 36.9765 0.109293 0.776948 0.0139036 0.045256 8.69548 8
0.00858722 32.2719 5.73134 1.5506 74.0773 0.15511 0.750567 0.00871138 0.0256974 9.81502 8
0.00570241 32.5927 6.7944 1.63088 120.069 0.176642 0.848215 0.0137227 0.0373556 2.01089 8
-0.00241582 32.9105 7.61396 1.67669 179.812 0.208548 0.878391 0.0265565 0.0665094 5.00374 8
0.0093508 32.494 4.46579 2.75756 38.7488 0.0911576 0.738915 0.00888134 0.0275111 5.36587 8
-0.00710855 32.6059 5.52591 2.85972 76.5904 0.125206 0.774308 0.00446972 0.0128826 16.6292 8
-0.00901364 32.7156 6.36128 2.96193 122.415 0.156598 0.819767 0.00508652 0.0137444 20.3536 8
-0.0125143 32.8558 7.40548 3.07443 188.464 0.204882 0.851472 0.00696282 0.0169435 17.3626 8
-0.00674077 32.701 4.22586 4.68349 40.3698 0.0781404 0.721688 0.0216521 0.0648878 4.52807 8
-0.00483237 32.7297 5.32705 4.77629 79.0172 0.0809281 0.81027 0.00851266 0.0240545 9.38351 8
-0.00703676 32.8983 6.21096 4.8466 124.411 0.119199 0.818235 0.00743598 0.0192858 5.87881 8
-0.014793 33.0652 7.27719 4.95452 201.242 0.164352 0.891501 0.00766522 0.0184189 13.9551 8
-0.0205855 32.3157 4.27575 6.63464 41.6623 0.0629994 0.640409 0.0414718 0.0992918 5.0199 8
-0.0036948 32.8295 5.24094 6.78052 81.2066 0.0723924 0.802759 0.0135444 0.0363463 7.81635 8
-0.00360897 33.0563 6.02936 6.85971 126.013 0.111841 0.806398 0.00954213 0.024253 11.0735 8
-0.00722912 33.217 7.24608 6.98153 213.889 0.159407 0.893226 0.00772491 0.0179425 7.15892 8
