2
-2.1 2.1 
7
15 30 35 40 45 50 10000 
2
-100 100 
5
0 2 4 6 1000 
5
0 50 100 150 1000 
-0.0126338 27.6432 0.0165965 1.45035 33.7291 -0.0232382 0.0058986 0.0144998 0.0423439 0.0040759 0.105109 0.00409445 
-0.0182723 27.614 -0.0147242 1.54081 70.9922 0.0327078 0.0052614 0.0129928 0.0626771 0.00327842 0.12496 0.00385949 
-0.0298605 27.6725 -0.378085 1.61694 118.675 0.0643739 0.0101334 0.0250869 0.157314 0.00536448 0.240147 0.0076698 
0.010945 27.6145 -0.73112 1.64854 176.484 0.16525 0.0217999 0.0572921 0.432086 0.0109278 1.20859 0.0178351 
-0.0223875 27.6401 0.0176636 2.7447 35.5805 -0.0295611 0.0040396 0.00984578 0.0285442 0.00354292 0.0681642 0.00280228 
-0.0178735 27.63 -0.0270133 2.84064 73.7094 0.0155413 0.00277912 0.0068495 0.0306163 0.0025761 0.0669836 0.00202383 
-0.0192015 27.6252 -0.296052 2.94409 120.339 0.0593173 0.00396324 0.00998946 0.0571774 0.00383236 0.0964749 0.00301619 
-0.0200736 27.6402 -0.235566 3.04909 181.382 0.11854 0.00658582 0.0169635 0.112222 0.00654374 0.351038 0.0052757 
-0.0114704 27.6325 -0.0939664 4.57883 37.5048 -0.0395631 0.0115878 0.0281315 0.0735025 0.00927608 0.180652 0.00817168 
-0.0216158 27.6091 -0.0621461 4.66585 76.1867 0.00165446 0.00569829 0.0142122 0.0579368 0.00496976 0.138256 0.00417736 
-0.0120912 27.6314 -0.155745 4.72065 122.435 0.0338313 0.00636445 0.0163956 0.0887972 0.005969 0.160545 0.00502819 
-0.0219441 27.6428 -0.533359 4.81305 188.506 0.0948753 0.00819466 0.0210598 0.136355 0.00810389 0.526266 0.00665501 
-0.0326882 27.8794 -0.0485672 6.70117 40.0366 -0.0973444 0.0454923 0.105604 0.314132 0.049425 0.588948 0.0335601 
0.00975006 27.6108 0.144334 6.82671 78.5969 -0.0161597 0.0161806 0.0410662 0.163819 0.0212526 0.382839 0.0116275 
-0.00511569 27.5316 -0.142186 6.89949 124.075 0.00928006 0.0148111 0.0380342 0.189615 0.020387 0.367221 0.011851 
-0.0328054 27.6258 -0.37106 7.08395 199.569 0.0895644 0.0149129 0.0388449 0.23905 0.0239946 1.23265 0.0120289 
-0.0177486 32.6236 0.035358 1.45192 33.7026 -0.0160412 0.00517413 0.0124567 0.0350352 0.00349542 0.0899448 0.00363993 
-0.0208794 32.6072 -0.428238 1.53719 71.0365 0.0297108 0.00462739 0.0113149 0.0494416 0.00283599 0.107716 0.00348383 
-0.0203154 32.6107 -1.19118 1.62363 118.069 0.0822775 0.00898178 0.0221372 0.124886 0.00466334 0.205114 0.00696652 
-0.0524624 32.6237 -1.20952 1.66321 178.096 0.121015 0.0191801 0.0506708 0.35656 0.00936151 1.08864 0.0158208 
-0.0125076 32.6347 0.0236617 2.73516 35.6067 -0.0284251 0.00356325 0.0085735 0.0231983 0.00306118 0.0589804 0.00254171 
-0.016794 32.6215 -0.264913 2.8479 73.6444 0.0141081 0.00244205 0.00594316 0.0242223 0.00224354 0.0580573 0.00183741 
-0.0137437 32.6064 -0.69081 2.94353 120.436 0.0645217 0.00351228 0.00868128 0.0455112 0.00334511 0.0836386 0.00277005 
-0.030113 32.6084 -1.04779 3.05612 181.587 0.103918 0.00591873 0.0149441 0.093529 0.00574345 0.315952 0.0048919 
-0.00426664 32.6351 0.0791977 4.60848 37.5564 -0.0567766 0.0098332 0.0235741 0.0614961 0.00802787 0.14918 0.00706499 
-0.0160682 32.6414 -0.175173 4.66594 76.1083 -0.0059105 0.00506754 0.0123982 0.0470877 0.00440061 0.119918 0.00381342 
-0.0269896 32.6185 -0.563679 4.73945 122.176 0.0381548 0.00562146 0.0140541 0.0679264 0.00514743 0.135975 0.00444096 
-0.0260828 32.6309 -0.861087 4.79439 189.067 0.0858612 0.00734203 0.0186569 0.109518 0.00702029 0.467923 0.00608223 
-0.011658 32.5871 0.226457 6.71231 39.2898 -0.0878596 0.0397496 0.102286 0.245346 0.0476666 0.538059 0.0287517 
0.00784826 32.6161 -0.379355 6.81208 78.3228 -0.0319378 0.0148347 0.0357745 0.130546 0.018656 0.350352 0.0116997 
-0.0209953 32.6208 -0.525876 6.91542 123.542 0.0129247 0.013143 0.0335936 0.15488 0.0187496 0.329101 0.0106353 
-0.0202269 32.6389 -0.816588 7.07369 200.481 0.079801 0.0132316 0.0340751 0.192864 0.0205212 1.04513 0.0115705 
-0.00523535 37.5292 -0.419771 1.45289 33.2757 -0.0187057 0.00454333 0.0107532 0.0269646 0.00308966 0.0810533 0.00341684 
-0.0245881 37.4929 -1.25531 1.54157 71.0332 0.032167 0.00419747 0.0101263 0.0399179 0.00255432 0.0976253 0.00325243 
-0.0203304 37.5156 -2.1038 1.62524 118.458 0.0835183 0.00820135 0.0200858 0.108795 0.00426383 0.187902 0.00661529 
-0.0374923 37.4491 -2.98353 1.67282 177.395 0.122248 0.0176663 0.0439482 0.294604 0.00824655 0.916894 0.0153715 
-0.012934 37.5478 -0.388693 2.74537 35.3313 -0.0325122 0.00307749 0.00731316 0.018114 0.00266771 0.0517673 0.00229797 
-0.0207927 37.52 -1.02659 2.84712 73.3992 0.0150053 0.00217625 0.0052364 0.0196903 0.00199116 0.0517355 0.00169938 
-0.0222072 37.5124 -1.59223 2.94773 120.274 0.0591882 0.00313619 0.00765386 0.0371749 0.00299665 0.0747225 0.0025606 
-0.0238267 37.5029 -2.03338 3.04636 181.668 0.118524 0.00525499 0.013225 0.0777565 0.00515116 0.282322 0.00448873 
-0.00701518 37.5283 -0.362074 4.61041 37.5473 -0.0588859 0.00862449 0.0204224 0.0514162 0.00710903 0.133879 0.00644627 
-0.0141503 37.5292 -0.941565 4.67174 75.9328 -0.00952679 0.00447286 0.0107285 0.038679 0.00389782 0.106642 0.00347632 
-0.0203249 37.492 -1.253 4.73045 122.271 0.0420422 0.00507086 0.0123684 0.0559731 0.00458924 0.123881 0.0041497 
-0.0207958 37.4804 -1.80517 4.79553 189.307 0.0953908 0.00645083 0.0161983 0.091071 0.00613991 0.418106 0.00559176 
-0.00617645 37.562 -0.251745 6.64511 39.7484 -0.0479772 0.0337343 0.0790498 0.18273 0.0348721 0.442352 0.0263077 
-0.00858081 37.5599 -0.506494 6.85114 78.4374 -0.0304644 0.0131615 0.0317489 0.10664 0.0177486 0.305534 0.0107205 
-0.00863606 37.536 -1.21541 6.9107 123.829 0.00445851 0.0118293 0.029101 0.12948 0.0163279 0.288359 0.0101138 
-0.0206059 37.5267 -1.57616 7.08308 202.749 0.0797828 0.0119771 0.029708 0.170438 0.0193907 0.990504 0.0105081 
-0.0112876 41.8377 -2.12455 1.4501 33.7298 -0.0302362 0.00641245 0.0140171 0.0416398 0.0043453 0.112204 0.00482515 
-0.0120014 41.9608 -3.83345 1.54198 71.1733 0.0122917 0.00572834 0.013292 0.0613433 0.003475 0.133304 0.004586 
-0.025104 42.0414 -5.25452 1.61281 118.926 0.0715994 0.0108217 0.0252887 0.159471 0.00571092 0.248733 0.00907291 
-0.0493037 42.1329 -7.04234 1.67981 179.121 0.13564 0.0227188 0.0564885 0.466534 0.010587 1.37126 0.020845 
-0.0139512 41.8363 -2.03557 2.74169 35.7382 -0.055086 0.00442306 0.00963256 0.0289851 0.00376051 0.0715683 0.00335939 
-0.0190805 41.95 -3.31136 2.84515 73.7305 -0.00111426 0.00300257 0.00685126 0.0298736 0.00273707 0.0710076 0.00237939 
-0.0218406 42.0132 -4.53162 2.94302 120.627 0.0564497 0.00432246 0.0101038 0.0577441 0.00407051 0.102219 0.003575 
-0.0354132 42.0375 -5.35603 3.03296 181.777 0.10292 0.00707254 0.0170717 0.114463 0.00676123 0.374498 0.00628028 
-0.0156197 41.8403 -1.82579 4.58112 38.1383 -0.0704024 0.0125078 0.0271949 0.0794138 0.00989049 0.181417 0.010009 
-0.0227365 41.9095 -2.88607 4.67026 76.2308 -0.0204046 0.00629529 0.0145151 0.0589867 0.00538233 0.148356 0.00512285 
-0.019776 41.9496 -3.88655 4.72627 122.54 0.0179067 0.0068922 0.0158739 0.0854104 0.00614242 0.165075 0.00578162 
-0.0156151 42.0376 -4.75099 4.79244 189.294 0.0715318 0.00873056 0.0214024 0.136864 0.00831667 0.565442 0.00761741 
-0.0155803 41.5055 -1.38699 6.67889 39.505 -0.109596 0.0477827 0.105078 0.281944 0.0511656 0.648522 0.0376801 
0.00551427 41.872 -2.75822 6.79559 78.5716 -0.0377413 0.0189049 0.0420511 0.170002 0.0215641 0.425725 0.0144972 
-0.0183046 41.92 -3.60573 6.89918 123.696 -0.0258353 0.0165294 0.0383305 0.201431 0.0223873 0.400256 0.0132657 
0.00191462 41.9608 -4.41158 7.04662 201.263 0.0570508 0.0159858 0.0394304 0.250888 0.0247947 1.33188 0.015046 
0.016163 46.9529 -6.17401 1.42051 36.1247 -0.051997 0.0149486 0.0340213 0.132602 0.010277 0.236994 0.0117431 
-0.00210764 47.1109 -10.1088 1.52699 72.2699 0.0175028 0.0106249 0.0252579 0.147098 0.00654902 0.247079 0.00854091 
-0.0406961 47.2446 -12.9036 1.5807 119.139 0.0709891 0.01792 0.0444642 0.333051 0.0104778 0.417677 0.0148541 
-0.0022124 47.1296 -12.1805 1.66061 177.472 0.147086 0.036579 0.0940166 0.763712 0.0176303 1.85466 0.0338591 
0.00855183 46.9201 -5.73688 2.72277 37.8056 -0.0490063 0.0106162 0.0241009 0.0960665 0.008833 0.154514 0.00826534 
-0.0190027 47.0581 -8.97512 2.81844 74.9485 -0.0141781 0.00591643 0.0138596 0.0762346 0.00524677 0.137293 0.00473661 
-0.0294139 47.1151 -11.1573 2.93122 121.183 0.0324047 0.00758567 0.017942 0.122448 0.00703109 0.176652 0.00646009 
-0.0217529 47.1605 -12.7648 3.01752 184.545 0.117411 0.0116581 0.0281556 0.231528 0.011248 0.670225 0.0102873 
0.0288517 46.9651 -5.60482 4.64326 39.7207 -0.0546392 0.0322872 0.073014 0.268299 0.0269751 0.390038 0.0244694 
-0.0205444 47.0136 -8.09213 4.65611 77.0209 -0.0135398 0.0129037 0.0301282 0.15901 0.0108104 0.294758 0.0102269 
-0.0291924 47.1334 -10.4511 4.71632 122.863 0.0208567 0.0130367 0.0309304 0.200765 0.0114659 0.301585 0.0107759 
-0.0149091 47.1494 -11.2979 4.79197 190.948 0.0983242 0.0156188 0.0382576 0.271397 0.014568 1.01986 0.014338 
0.109404 46.8855 -5.22933 6.62092 41.2867 0.185075 0.12021 0.303025 1.07368 0.153746 1.44209 0.0917453 
0.0499219 47.186 -7.18458 6.80265 80.3052 -0.00861263 0.0414125 0.0969401 0.504852 0.0491742 0.908851 0.0366165 
-0.0174298 46.9423 -9.13698 6.91198 123.595 -0.0155245 0.0336958 0.0774753 0.477439 0.0445982 0.805288 0.026479 
-0.0485665 47.1617 -11.8559 7.05312 202.139 0.0253173 0.0273609 0.0699067 0.537901 0.0432746 2.1272 0.0248659 
-0.0176638 57.7197 -8.93435 1.44539 37.3228 -0.0579646 0.019995 0.418298 0.286071 0.0135853 0.309046 0.017377 
-0.00204233 59.226 -19.1055 1.49596 74.4982 0.00127147 0.0109646 0.201261 0.225612 0.00693555 0.255364 0.00929086 
-0.0319104 64.0335 -25.011 1.55315 120.507 0.0374659 0.0146319 0.376957 0.358215 0.00862465 0.345997 0.0132505 
-0.0515568 69.8952 -27.0693 1.62636 181.178 0.121676 0.0258896 0.884277 0.77965 0.0135793 1.27548 0.0264385 
-0.0148806 58.3732 -8.19804 2.72414 38.7313 -0.0734321 0.0150818 0.327646 0.211528 0.0127549 0.222404 0.0130603 
-0.00596311 58.7273 -17.6755 2.8018 77.2608 -0.00527972 0.00649551 0.116016 0.130855 0.00578854 0.150608 0.00559583 
-0.03069 61.9068 -22.6122 2.88787 122.169 0.0283522 0.00680993 0.153878 0.158205 0.00627386 0.161413 0.00601103 
-0.0232877 66.3128 -25.217 2.97137 186.249 0.096934 0.00906888 0.270694 0.244955 0.00862205 0.528458 0.0089409 
0.0236717 60.3975 -7.72746 4.59962 38.9894 -0.0802685 0.0408438 1.09318 0.586755 0.036048 0.616988 0.0370588 
-0.029759 58.1953 -15.6328 4.63547 79.3104 -0.0300677 0.0154347 0.262476 0.305302 0.012584 0.349516 0.0135296 
-0.0197468 60.9617 -20.8097 4.7127 123.967 0.0222935 0.0126156 0.262759 0.294951 0.011288 0.303339 0.0114879 
-0.0326118 64.0909 -24.0398 4.78338 195.411 0.0730781 0.0129234 0.340737 0.335876 0.0121541 0.881807 0.012068 
0.182495 53.2438 -7.81385 6.70884 43.8229 -0.0473432 0.13814 0.924268 2.18828 0.106122 1.06635 0.120149 
0.00297559 57.2678 -14.1535 6.67721 80.1307 -0.0183228 0.0458882 0.691066 0.874264 0.0528089 0.917703 0.0384557 
-0.00183105 58.5417 -19.2107 6.93162 127.347 -0.0214348 0.0334715 0.596094 0.688214 0.0445336 0.809917 0.0311203 
-0.0124694 64.599 -23.1667 6.98488 209.614 0.039573 0.0258539 0.687537 0.676106 0.0380518 2.15187 0.0272728 
