10
-2 -1.1 -0.9 -0.6 -0.3 0 0.3 0.6 0.9 1.1 2 
6
10 25 30 35 40 50 100 
21.0598 0.55514 0.536347 -5.18161
27.666 0.653983 0.619001 -4.31775
32.6983 0.714701 0.692663 -5.42162
37.4777 0.763223 0.748155 -5.21805
43.1946 0.8248 0.82389 -6.33036
59.791 0.848882 0.883179 -3.03603
20.9959 0.73709 0.725953 -6.14712
27.6883 0.843933 0.836819 -6.14124
32.6364 0.893101 0.877195 -5.95355
37.5037 0.924218 0.92556 -7.16494
43.0892 0.94733 0.945713 -6.60583
59.9989 0.982019 1 -6.50628
20.913 0.768342 0.751676 -6.04608
27.6516 0.855029 0.844113 -6.18376
32.6242 0.881298 0.880482 -6.35438
37.5122 0.904894 0.911433 -6.20249
43.0216 0.926905 0.93608 -6.70946
60.0668 0.938042 0.944791 -6.3303
20.7346 0.768466 0.755067 -6.47658
27.6248 0.827739 0.822719 -6.54746
32.6255 0.849587 0.846188 -6.74632
37.5219 0.874782 0.877074 -7.19356
42.9971 0.888183 0.874603 -6.24221
60.1384 0.887272 0.903557 -7.11846
20.6946 0.764767 0.766683 -7.37514
27.614 0.816924 0.805019 -7.24229
32.6265 0.835456 0.832364 -7.40691
37.5252 0.844723 0.847453 -7.22035
43.0017 0.85446 0.871371 -8.43352
60.102 0.856842 0.868321 -8.74244
20.6734 0.756817 0.74813 -6.71391
27.6069 0.808137 0.806767 -7.66382
32.6182 0.82472 0.841198 -7.50848
37.5326 0.844335 0.855124 -7.56507
42.9933 0.852238 0.857092 -7.24597
59.9298 0.859842 0.862836 -5.70449
20.7827 0.765748 0.765736 -7.11559
27.6325 0.82799 0.821301 -7.06713
32.6234 0.842822 0.847929 -6.55719
37.5246 0.861977 0.867588 -6.92944
43.0225 0.87449 0.895932 -7.33843
60.0087 0.888857 0.887441 -7.01461
20.8958 0.779861 0.763569 -6.45193
27.6484 0.860846 0.853057 -6.79355
32.6234 0.889279 0.885407 -6.35123
37.5122 0.912434 0.920795 -7.05534
43.0468 0.929494 0.93267 -5.91109
59.8396 0.954869 0.960124 -6.20712
21.0192 0.749089 0.723644 -5.85787
27.6472 0.855887 0.842788 -7.35128
32.6381 0.901615 0.874539 -6.38227
37.514 0.92398 0.924396 -6.87248
43.0821 0.945194 0.969685 -7.68519
59.7181 0.983894 0.964298 -4.92967
21.1656 0.600312 0.53633 -3.89613
27.6943 0.715508 0.697053 -6.72603
32.6594 0.752747 0.751991 -6.27737
37.4971 0.805534 0.806277 -6.77929
43.1941 0.853323 0.834529 -5.65452
60.5698 0.913491 0.915296 -11.5749
