10
-2 -1.1 -0.9 -0.6 -0.3 0 0.3 0.6 0.9 1.1 2 
5
25 30 35 40 50 100 
27.6845 0.70022 0.682099 -7.45227
32.6479 0.746302 0.716364 -6.85598
37.5082 0.79367 0.807061 -7.54609
43.2056 0.836886 0.844022 -7.94919
59.7997 0.907502 0.88917 -5.36077
27.6744 0.892184 0.870199 -7.92386
32.6313 0.921138 0.92084 -8.54032
37.5106 0.949892 0.956903 -8.99575
43.0893 0.973639 0.980327 -8.02034
59.612 0.991836 1 -7.00757
27.6372 0.893903 0.889307 -8.20285
32.6367 0.917472 0.919896 -8.25748
37.5212 0.932302 0.934124 -7.70375
43.0442 0.947164 0.964512 -8.40437
59.9295 0.953573 0.973821 -6.08954
27.6221 0.859959 0.859751 -8.6134
32.6347 0.876202 0.878227 -8.59899
37.5278 0.887184 0.890308 -8.43339
42.9968 0.900366 0.899297 -8.59522
59.8375 0.909327 0.908229 -6.55658
27.6232 0.84693 0.852006 -9.87494
32.6214 0.855194 0.865387 -9.97115
37.5297 0.863075 0.871086 -9.43825
42.9852 0.869013 0.881399 -9.45016
60.0262 0.873363 0.886011 -10.8817
27.6026 0.838786 0.850375 -9.86105
32.5959 0.854011 0.87478 -10.1055
37.5267 0.859463 0.87684 -10.0599
43.0087 0.865649 0.888664 -10.3364
60.0658 0.876407 0.923127 -10.8808
27.6189 0.858208 0.846275 -8.59578
32.6214 0.870622 0.881712 -8.85284
37.5459 0.882592 0.897076 -9.37204
43.0188 0.889873 0.906464 -9.12163
59.736 0.896231 0.930029 -10.1563
27.6422 0.899673 0.902494 -8.95223
32.6327 0.919626 0.919195 -8.31257
37.517 0.938233 0.945916 -8.22315
43.0286 0.95175 0.969132 -8.28757
59.8838 0.958784 0.967484 -6.72267
27.6519 0.900685 0.890239 -9.14838
32.6389 0.932628 0.923088 -8.35055
37.5361 0.954128 0.952347 -8.08073
43.0961 0.974687 0.974387 -7.50392
59.6492 0.998125 0.994607 -5.3877
27.6978 0.760163 0.74943 -6.78424
32.6357 0.811132 0.804651 -7.91216
37.4645 0.852906 0.844256 -8.19001
43.2611 0.897942 0.933293 -10.4228
59.4341 0.936108 0.918547 -5.94093
