2
-2.1 2.1 
7
15 30 35 40 45 50 10000 
2
-100 100 
5
0 2 4 6 1000 
5
0 50 100 150 1000 
-0.0126865 27.6429 0.0161969 1.45032 33.7272 -0.0232992 0.00589823 0.0145001 0.0423415 0.00407559 0.105115 0.0040945 
-0.0183116 27.614 -0.0131094 1.54078 70.9916 0.0326989 0.00526111 0.0129918 0.0626928 0.00327826 0.124952 0.00385919 
-0.0298605 27.6725 -0.378085 1.61694 118.675 0.0643739 0.0101334 0.0250869 0.157314 0.00536448 0.240147 0.0076698 
0.010945 27.6145 -0.73112 1.64854 176.484 0.16525 0.0217999 0.0572921 0.432086 0.0109278 1.20859 0.0178351 
-0.0226082 27.64 0.0184898 2.7453 35.5797 -0.0296569 0.00403834 0.00984201 0.0285352 0.00354446 0.0681427 0.00280105 
-0.0178389 27.6299 -0.0261595 2.84092 73.7077 0.0154856 0.00277871 0.00684842 0.0306113 0.00257642 0.0669718 0.00202349 
-0.0192218 27.6253 -0.295353 2.94451 120.339 0.0592298 0.0039622 0.00998671 0.0571569 0.00383234 0.0964478 0.00301508 
-0.0200511 27.6399 -0.235189 3.0493 181.375 0.118626 0.00658398 0.0169602 0.112192 0.00654364 0.35098 0.00527476 
-0.0118782 27.6344 -0.0855857 4.66167 37.6439 -0.0444813 0.0111013 0.0268074 0.0713415 0.0100662 0.171727 0.00779598 
-0.0218924 27.6171 -0.0238773 4.75925 76.2791 0.00131377 0.00539077 0.0134036 0.0552312 0.00525872 0.130736 0.00394329 
-0.0122976 27.6238 -0.168464 4.82493 122.519 0.0368796 0.00599999 0.0153784 0.0828442 0.00620136 0.151037 0.00472271 
-0.0217892 27.6507 -0.54396 4.93752 189.374 0.0958456 0.00753178 0.019456 0.12616 0.00811807 0.492922 0.00611133 
-0.0306018 27.7386 -0.119264 6.67527 39.506 -0.0846604 0.0232434 0.0566991 0.155755 0.0231914 0.318674 0.0172744 
-0.0193505 27.626 0.0839007 6.77303 78.6464 -0.0201573 0.00882077 0.0219303 0.0849511 0.00963659 0.207653 0.00621893 
-0.0169115 27.6115 -0.0572803 6.83085 123.862 0.0299811 0.00800526 0.0200974 0.10128 0.00929431 0.197435 0.00615091 
-0.0328324 27.6367 -0.253972 6.94193 199.766 0.0860431 0.00796488 0.0205304 0.131218 0.0105527 0.629924 0.00654439 
-0.0177486 32.6236 0.035358 1.45192 33.7026 -0.0160412 0.00517413 0.0124567 0.0350352 0.00349542 0.0899448 0.00363993 
-0.0208979 32.6071 -0.428168 1.53718 71.0366 0.0297016 0.00462714 0.0113145 0.0494386 0.00283584 0.107709 0.00348363 
-0.0203154 32.6107 -1.19118 1.62363 118.069 0.0822775 0.00898178 0.0221372 0.124886 0.00466334 0.205114 0.00696652 
-0.0524624 32.6237 -1.20952 1.66321 178.096 0.121015 0.0191801 0.0506708 0.35656 0.00936151 1.08864 0.0158208 
-0.0125273 32.6346 0.0238637 2.73558 35.6061 -0.0284989 0.00356221 0.00857283 0.0231928 0.00306263 0.0589714 0.00254109 
-0.0168368 32.6216 -0.264575 2.84817 73.645 0.0140633 0.00244155 0.00594204 0.0242171 0.00224365 0.058047 0.00183716 
-0.013691 32.6065 -0.692055 2.94387 120.436 0.0645674 0.00351118 0.00867913 0.0455003 0.00334496 0.0836222 0.00277029 
-0.0300462 32.6083 -1.04915 3.05638 181.603 0.103893 0.00591744 0.01494 0.0935114 0.00574262 0.316025 0.00489027 
-0.00639947 32.6396 0.0698323 4.68139 37.6852 -0.0533704 0.0094375 0.0226103 0.0595675 0.00853633 0.141528 0.00676053 
-0.0175665 32.6407 -0.162395 4.75529 76.1955 -0.00574976 0.00479617 0.0117386 0.0448524 0.00461904 0.113675 0.00363016 
-0.0279339 32.6243 -0.552203 4.84084 122.318 0.0379655 0.00526339 0.0131756 0.0638684 0.00530789 0.127759 0.00416678 
-0.0246506 32.6288 -0.871967 4.9132 189.56 0.0877152 0.00681354 0.0171814 0.100493 0.00709381 0.436782 0.00564832 
-0.0234804 32.5834 0.100096 6.65581 39.5894 -0.0581868 0.020699 0.0504177 0.123804 0.019533 0.275777 0.0149733 
-0.0037599 32.6481 -0.223838 6.7662 78.48 -0.0360766 0.00794612 0.0191229 0.0694257 0.00831437 0.180908 0.00601779 
-0.00921021 32.6186 -0.369638 6.83825 123.698 0.0235265 0.0069169 0.0173998 0.0820243 0.00809233 0.172009 0.00562053 
-0.0251615 32.6302 -0.848527 6.92627 200.047 0.0793643 0.00697682 0.0178405 0.103386 0.00906853 0.547306 0.00605421 
-0.00523535 37.5292 -0.419771 1.45289 33.2757 -0.0187057 0.00454333 0.0107532 0.0269646 0.00308966 0.0810533 0.00341684 
-0.0245881 37.4929 -1.25531 1.54157 71.0332 0.032167 0.00419747 0.0101263 0.0399179 0.00255432 0.0976253 0.00325243 
-0.0203304 37.5156 -2.1038 1.62524 118.458 0.0835183 0.00820135 0.0200858 0.108795 0.00426383 0.187902 0.00661529 
-0.0374923 37.4491 -2.98353 1.67282 177.395 0.122248 0.0176663 0.0439482 0.294604 0.00824655 0.916894 0.0153715 
-0.0128933 37.5478 -0.388492 2.74582 35.3317 -0.0325162 0.00307689 0.00731057 0.0181083 0.00266856 0.0517612 0.00229731 
-0.0207334 37.5201 -1.02689 2.84757 73.4007 0.0150386 0.00217545 0.00523511 0.0196819 0.00199143 0.0517195 0.0016989 
-0.0221774 37.5125 -1.5934 2.948 120.274 0.059208 0.00313554 0.00765203 0.0371712 0.00299643 0.0747108 0.00256028 
-0.0238377 37.5027 -2.03473 3.04654 181.672 0.118614 0.00525482 0.0132236 0.0777411 0.00515095 0.282298 0.00448876 
-0.00620459 37.5329 -0.364383 4.68338 37.6022 -0.0572679 0.00830304 0.0196067 0.0492083 0.00755627 0.127684 0.0062233 
-0.0131094 37.5263 -0.915715 4.76045 76.0534 -0.01066 0.00424831 0.0101754 0.0367117 0.00409274 0.100912 0.00331615 
-0.0207104 37.4965 -1.23661 4.83889 122.372 0.044005 0.00473278 0.0115633 0.052304 0.00475458 0.11583 0.00388991 
-0.0194369 37.479 -1.81946 4.92285 190.327 0.0926276 0.00591285 0.0149144 0.0832165 0.00620303 0.392528 0.00512155 
-0.0291801 37.523 -0.458244 6.64417 39.6107 -0.0544066 0.0179949 0.042922 0.097436 0.0162683 0.240287 0.0138448 
-0.0218296 37.5376 -0.730825 6.78052 78.3773 -0.0256537 0.0069201 0.0168112 0.0566744 0.00746818 0.161635 0.00552391 
-0.00966232 37.5375 -1.12942 6.83129 123.629 0.0141271 0.00619605 0.0153423 0.0671121 0.00717724 0.15217 0.00513183 
-0.0241787 37.5155 -1.59176 6.93515 199.964 0.0754028 0.00628234 0.0158079 0.0894218 0.00836964 0.499914 0.00551666 
-0.0113919 41.838 -2.1241 1.45007 33.7274 -0.0302421 0.00641254 0.0140181 0.0416375 0.00434492 0.112218 0.0048246 
-0.0120301 41.9606 -3.83285 1.54196 71.1718 0.0122788 0.00572786 0.0132918 0.0613405 0.00347472 0.1333 0.00458559 
-0.025104 42.0414 -5.25452 1.61281 118.926 0.0715994 0.0108217 0.0252887 0.159471 0.00571092 0.248733 0.00907291 
-0.0493037 42.1329 -7.04234 1.67981 179.121 0.13564 0.0227188 0.0564885 0.466534 0.010587 1.37126 0.020845 
-0.0139756 41.8365 -2.03613 2.74196 35.7395 -0.0551292 0.00442277 0.00963056 0.0289817 0.00376148 0.0715541 0.00335892 
-0.019077 41.95 -3.31113 2.84539 73.7301 -0.00112624 0.00300189 0.00685041 0.0298658 0.00273692 0.0709947 0.00237861 
-0.0218521 42.013 -4.53079 2.94336 120.625 0.0564215 0.00432146 0.0101007 0.0577246 0.00407065 0.102199 0.00357441 
-0.0356742 42.0374 -5.35818 3.03323 181.778 0.103175 0.00707233 0.0170699 0.114439 0.0067603 0.374357 0.00627978 
-0.0155548 41.8343 -1.79674 4.64747 38.1202 -0.0737431 0.0120459 0.0262064 0.0759274 0.0105581 0.175032 0.00965558 
-0.0241396 41.909 -2.86918 4.76262 76.2875 -0.0240848 0.00597065 0.0137164 0.0556948 0.00568382 0.140507 0.00484781 
-0.019703 41.943 -3.89285 4.83198 122.635 0.0175654 0.00645029 0.0148985 0.0804334 0.00636431 0.154987 0.00541919 
-0.0160935 42.05 -4.81032 4.91733 190.134 0.0717065 0.00803767 0.0198006 0.125854 0.00843104 0.534477 0.00707577 
-0.00730477 41.7286 -1.33244 6.70861 40.0213 -0.107051 0.0254314 0.0583683 0.164868 0.0244426 0.335662 0.0187628 
0.00245865 41.8345 -2.65778 6.74794 78.6259 -0.0468062 0.00962851 0.021854 0.0869491 0.0096136 0.222397 0.00778164 
-0.019521 41.9696 -3.52752 6.81958 123.73 -0.00683769 0.00853981 0.0196676 0.100322 0.00969505 0.20537 0.00701911 
-0.0159638 41.9792 -4.44164 6.92225 199.382 0.0638834 0.00851232 0.0208319 0.129448 0.0108263 0.67557 0.00777036 
0.016163 46.9529 -6.17401 1.42051 36.1247 -0.051997 0.0149486 0.0340213 0.132602 0.010277 0.236994 0.0117431 
-0.00210764 47.1109 -10.1088 1.52699 72.2699 0.0175028 0.0106249 0.0252579 0.147098 0.00654902 0.247079 0.00854091 
-0.0406961 47.2446 -12.9036 1.5807 119.139 0.0709891 0.01792 0.0444642 0.333051 0.0104778 0.417677 0.0148541 
-0.0022124 47.1296 -12.1805 1.66061 177.472 0.147086 0.036579 0.0940166 0.763712 0.0176303 1.85466 0.0338591 
0.00882945 46.9197 -5.73786 2.72314 37.8079 -0.049001 0.0106165 0.0240959 0.0960423 0.00883823 0.154484 0.00826283 
-0.0190133 47.058 -8.97641 2.81879 74.9459 -0.0143262 0.00591548 0.0138563 0.0762198 0.00524772 0.137262 0.00473675 
-0.0292071 47.115 -11.1578 2.93129 121.183 0.0324571 0.00758476 0.0179383 0.122412 0.00702979 0.176601 0.00645816 
-0.0217529 47.1605 -12.7648 3.01752 184.545 0.117411 0.0116581 0.0281556 0.231528 0.011248 0.670225 0.0102873 
0.0325932 46.9737 -5.65778 4.70964 39.9586 -0.0622816 0.0309839 0.0692997 0.256276 0.0277774 0.371638 0.023377 
-0.0249291 47.0125 -8.06032 4.74299 76.9819 -0.0144225 0.0122284 0.0285794 0.149917 0.0114022 0.280055 0.0096538 
-0.0280318 47.1225 -10.3285 4.8316 122.936 0.0185371 0.0121128 0.0288645 0.18332 0.0118963 0.28206 0.0101752 
-0.0206313 47.1478 -11.1439 4.9261 191.453 0.0991657 0.0143153 0.0349646 0.247487 0.0147006 0.927709 0.013182 
0.0198212 47.138 -5.61585 6.63311 40.2296 -0.00526776 0.069325 0.152711 0.563799 0.0659836 0.852454 0.0601278 
-0.0127288 47.0958 -7.41611 6.74833 79.8608 -0.0565928 0.0214958 0.0497802 0.253157 0.0217973 0.469888 0.0175038 
-0.0269419 47.0557 -9.21493 6.82907 124.524 -0.0115305 0.016875 0.0401797 0.235691 0.0187935 0.400808 0.0141666 
-0.00470161 47.1223 -11.1428 6.91519 200.343 0.0660699 0.0156463 0.0386737 0.282175 0.0194773 1.17654 0.0142619 
-0.0176638 57.7197 -8.93435 1.44539 37.3228 -0.0579646 0.019995 0.418298 0.286071 0.0135853 0.309046 0.017377 
-0.00218253 59.2263 -19.1055 1.49586 74.4999 0.0011434 0.0109617 0.201195 0.225612 0.00693402 0.255285 0.0092887 
-0.0319104 64.0335 -25.011 1.55315 120.507 0.0374659 0.0146319 0.376957 0.358215 0.00862465 0.345997 0.0132505 
-0.0515568 69.8952 -27.0693 1.62636 181.178 0.121676 0.0258896 0.884277 0.77965 0.0135793 1.27548 0.0264385 
-0.014121 58.3875 -8.18662 2.72519 38.7261 -0.0733679 0.0150765 0.327655 0.211504 0.0127609 0.222157 0.0130473 
-0.00600409 58.7292 -17.6739 2.80242 77.2604 -0.00513469 0.00649432 0.11603 0.130805 0.00579043 0.150546 0.00559329 
-0.030541 61.9076 -22.6077 2.88817 122.168 0.0284711 0.00680874 0.15383 0.158221 0.00627386 0.161395 0.00600923 
-0.0238092 66.3177 -25.2201 2.97191 186.262 0.097091 0.00906738 0.270657 0.244916 0.00862165 0.528165 0.00893551 
0.0161909 60.3196 -7.71557 4.65495 38.9281 -0.0887304 0.0403619 1.04607 0.566471 0.0380739 0.597354 0.0355122 
-0.03008 58.1795 -15.6332 4.7264 79.4005 -0.0282969 0.0146041 0.246179 0.288561 0.0135055 0.329046 0.0130902 
-0.0201141 61.038 -20.5853 4.8049 124.008 0.0176676 0.0119579 0.253417 0.278008 0.0116924 0.287704 0.0108145 
-0.0315074 64.0441 -23.9891 4.89438 196.361 0.079705 0.0119739 0.317762 0.312719 0.0123043 0.842466 0.0113841 
0.0172424 54.0463 -6.25216 6.64433 42.7968 -0.115751 0.101206 0.804723 1.28234 0.0680543 1.08148 0.0776718 
-0.00952337 58.4699 -14.8327 6.6978 80.9818 -0.0633492 0.0248121 0.444556 0.497212 0.0247047 0.521614 0.0223596 
-0.0076182 59.0613 -19.4789 6.84212 126.24 -0.0157762 0.0176237 0.297895 0.37451 0.0199025 0.425331 0.0158385 
-0.0205384 63.7636 -22.3922 6.9185 207.76 0.0686687 0.0138325 0.360237 0.358932 0.0172462 1.14927 0.0135291 
