2
-2.1 2.1 
7
15 30 35 40 45 50 10000 
2
-100 100 
5
0 2 4 6 1000 
5
0 50 100 150 1000 
-0.0181758 27.6161 0.0639319 1.46279 33.4583 -0.0183997 0.00576563 0.0139404 0.0406947 0.00354899 0.102218 0.00391341 
-0.0259388 27.5885 -0.0650237 1.52933 70.9037 0.0217701 0.00531586 0.0132093 0.0621907 0.00305102 0.125282 0.00383432 
-0.0238968 27.6356 -0.418995 1.58924 118.066 0.0559808 0.0106354 0.0264045 0.17234 0.00560196 0.246524 0.00830424 
-0.0276597 27.6142 -0.748012 1.62257 179.441 0.0846987 0.0242827 0.0603077 0.530328 0.0133887 1.902 0.0187725 
-0.0242018 27.626 -0.00704353 2.71454 35.4231 -0.0340936 0.00437945 0.0106743 0.0305409 0.00372064 0.0742455 0.00304754 
-0.0158869 27.6188 0.0287867 2.80514 73.1943 0.00925435 0.00313213 0.00773671 0.0343861 0.00281475 0.0753343 0.0022843 
-0.0180567 27.6295 -0.256874 2.90463 119.95 0.0493973 0.00469492 0.0118531 0.0681624 0.00443271 0.113543 0.00364765 
-0.00553517 27.5816 -0.557512 2.99237 183.831 0.0933962 0.00793653 0.0207486 0.151206 0.00772568 0.587461 0.00641955 
-0.00350799 27.6491 0.0315021 4.63565 37.458 -0.0566437 0.0161779 0.0390653 0.107115 0.0154795 0.250375 0.0113632 
-0.0332667 27.6444 0.00433105 4.76093 75.9699 -0.011783 0.00844615 0.020829 0.0888619 0.00888042 0.204964 0.00617503 
-0.0149346 27.6404 0.0998904 4.84273 122.332 0.0445998 0.00953723 0.0240299 0.125811 0.0104731 0.236703 0.00742017 
-0.0204262 27.6404 -0.378097 5.00135 189.493 0.101396 0.0121102 0.0320016 0.206075 0.0143186 0.801145 0.00987496 
-0.0303332 27.6853 -0.14596 6.6641 39.3211 -0.0803637 0.0269493 0.06688 0.17819 0.0258196 0.377997 0.0200956 
-0.0306563 27.6311 0.0527581 6.74971 78.6631 -0.0216467 0.0104969 0.0259078 0.0991047 0.0103992 0.246941 0.00734768 
-0.0220242 27.6432 -0.0222125 6.80219 123.782 0.0383093 0.00950131 0.0236218 0.11958 0.0100981 0.233895 0.00717197 
-0.0328489 27.6416 -0.202613 6.88661 199.833 0.0846105 0.0094146 0.0241768 0.156697 0.0111774 0.731696 0.00778876 
-0.023094 32.6155 0.0239286 1.46389 33.3953 -0.0250578 0.00498201 0.0119547 0.0329353 0.0030347 0.0871818 0.00352713 
-0.0223301 32.6402 -0.447858 1.52519 70.4669 0.0144203 0.00468361 0.0115267 0.0494554 0.00268898 0.109364 0.00350238 
-0.0236142 32.5884 -1.17334 1.5914 118.332 0.0585383 0.00939439 0.0233662 0.137047 0.00484148 0.216066 0.00739502 
-0.0574254 32.5964 -1.91386 1.63154 179.415 0.116117 0.0208003 0.0535937 0.437503 0.0119697 1.50782 0.018157 
-0.0221777 32.6323 0.00559905 2.70948 35.3295 -0.0385594 0.00383041 0.00920332 0.024487 0.00316414 0.0638855 0.00276229 
-0.0194961 32.6108 -0.334993 2.8061 73.0398 0.00799721 0.00276476 0.00673845 0.027439 0.00245357 0.0656458 0.00207779 
-0.0212739 32.6102 -0.647611 2.90037 120.137 0.0529865 0.00417747 0.0103079 0.0538622 0.00387197 0.0994426 0.0033123 
-0.0407262 32.5864 -1.19312 2.99042 183.361 0.0991594 0.00722963 0.0180995 0.126423 0.00683638 0.507276 0.00604571 
0.0017847 32.6854 0.121687 4.63999 37.8251 -0.0561696 0.0142937 0.0346782 0.0901171 0.0136079 0.213837 0.0102585 
-0.0277223 32.6573 -0.179391 4.75195 76.0549 -0.00281171 0.00746778 0.018289 0.071132 0.00771713 0.178753 0.00570974 
-0.0288943 32.6569 -0.646334 4.84638 122.491 0.0323281 0.00842079 0.0208334 0.105589 0.00927232 0.205797 0.00656728 
-0.0359563 32.6291 -0.941619 4.97016 189.253 0.0912466 0.0111941 0.0277037 0.165075 0.0125723 0.724232 0.00931975 
-0.0274596 32.5858 0.0586494 6.63651 39.6977 -0.0479692 0.0242137 0.0579546 0.143132 0.0205256 0.320515 0.0174729 
-0.00875961 32.6605 -0.154005 6.7468 78.5396 -0.0374213 0.0093807 0.0226036 0.0818421 0.00896973 0.210493 0.00699749 
-0.00484326 32.6181 -0.314665 6.80757 123.757 0.0274192 0.00812312 0.0203048 0.0966503 0.00855504 0.201622 0.00661179 
-0.0271439 32.6266 -0.858338 6.86839 199.881 0.0792549 0.00820427 0.0209342 0.122211 0.00964513 0.642206 0.00709435 
-0.0215072 37.5226 -0.472846 1.46025 32.8247 -0.0283834 0.00437088 0.0102925 0.0259693 0.00268085 0.0782833 0.00322501 
-0.0153041 37.5152 -1.31164 1.52982 70.6355 0.0212379 0.00419583 0.0101216 0.0406274 0.00238284 0.0976885 0.00327639 
-0.0191866 37.5153 -2.10797 1.59876 118.385 0.0724441 0.0084668 0.0206521 0.116977 0.00428486 0.194995 0.00683618 
-0.0565159 37.558 -2.50224 1.64414 177.925 0.0829932 0.0191511 0.0475906 0.353946 0.0103265 1.29298 0.0163583 
-0.0168727 37.5425 -0.434338 2.71339 35.029 -0.0450328 0.0033522 0.00793142 0.0189936 0.00279662 0.056894 0.00248739 
-0.01647 37.5251 -1.06261 2.8091 73.0512 0.00817381 0.00245449 0.00587874 0.0220406 0.00217882 0.0583169 0.0019074 
-0.0235254 37.5228 -1.63104 2.90743 120.065 0.0572964 0.00373048 0.00909959 0.044664 0.00344623 0.0890264 0.00304263 
-0.0391291 37.5487 -2.11059 2.99541 182.891 0.0979878 0.00645935 0.0159673 0.103243 0.00619796 0.445916 0.00552207 
-0.0169596 37.5351 -0.445872 4.6425 37.4118 -0.0590687 0.0123989 0.0291525 0.0677831 0.0114926 0.189598 0.00938317 
-0.0147262 37.5259 -0.85232 4.75704 75.7779 -0.00811902 0.00665651 0.01588 0.0568775 0.006801 0.156968 0.00526994 
-0.0217862 37.5215 -1.28242 4.86768 122.353 0.0488634 0.00750653 0.0184728 0.0853509 0.00819193 0.18525 0.0062116 
-0.0194356 37.5048 -1.90782 5.00395 190.333 0.0864751 0.00971702 0.0245095 0.132887 0.0111803 0.648907 0.00842332 
-0.0406555 37.5053 -0.553774 6.64122 39.5404 -0.0549586 0.0212027 0.0509511 0.114688 0.0178263 0.285203 0.0162318 
-0.0268769 37.5281 -0.81473 6.75245 78.3397 -0.0236707 0.00812299 0.0197918 0.0667292 0.00776582 0.190234 0.00643034 
-0.00998333 37.5388 -1.09179 6.79838 123.538 0.0177612 0.00725847 0.0180132 0.0782582 0.00765792 0.178749 0.00593602 
-0.0256939 37.5114 -1.59581 6.87673 198.855 0.0738872 0.00737058 0.018657 0.1049 0.00872977 0.576344 0.00647844 
-0.021978 41.8574 -2.18748 1.4668 33.5616 -0.0525593 0.00624494 0.0136783 0.041144 0.00377167 0.108255 0.00460127 
-0.0232584 41.967 -3.76009 1.52462 70.8508 0.00460346 0.00573405 0.0130921 0.0621187 0.00324067 0.133374 0.00449695 
-0.0192459 42.0443 -5.21606 1.60023 118.243 0.0658925 0.0113172 0.0269622 0.169399 0.00581025 0.255672 0.00943766 
0.00765959 42.1335 -6.84235 1.62779 178.107 0.132765 0.0238785 0.0564405 0.47946 0.0127145 1.5173 0.0213662 
-0.024684 41.842 -1.97321 2.70736 35.423 -0.0586382 0.00483509 0.0105357 0.029878 0.00394564 0.0792017 0.00360821 
-0.029558 41.9562 -3.41595 2.80147 73.4454 -0.00564325 0.00340936 0.00780823 0.0342773 0.00298197 0.0806678 0.00271349 
-0.0184753 42.0226 -4.45557 2.89462 120.166 0.0456004 0.00502586 0.0119094 0.0682243 0.00461161 0.118797 0.00419074 
-0.0249963 42.0333 -5.63574 3.00916 184.469 0.102308 0.00854798 0.0206977 0.152431 0.00810546 0.585841 0.00759296 
-0.00575719 41.809 -1.7493 4.61173 37.4927 -0.0867277 0.0177372 0.0386179 0.106802 0.0159533 0.266172 0.013737 
-0.0201144 41.9317 -2.91817 4.76875 75.8465 -0.0414034 0.00945282 0.0213016 0.0857395 0.00946673 0.220887 0.00760525 
-0.0276456 41.9444 -3.92202 4.85521 122.339 0.0180188 0.0103449 0.0240951 0.129144 0.0112026 0.249306 0.00874288 
-0.0165868 42.0536 -5.14709 4.99828 190.775 0.0831902 0.0134514 0.0328835 0.210799 0.0151554 0.921816 0.0118577 
-0.00431762 41.8097 -1.3126 6.71941 40.2091 -0.106126 0.030006 0.0693611 0.200073 0.027634 0.391856 0.0216072 
0.00160123 41.8204 -2.61556 6.72898 78.6359 -0.0500268 0.0111756 0.0255643 0.100958 0.0104702 0.260432 0.00920296 
-0.0211188 41.9871 -3.49837 6.78831 123.727 0.000127134 0.00995132 0.0228546 0.115279 0.0103563 0.238545 0.00825014 
-0.0235198 41.9861 -4.45888 6.87289 198.648 0.0664645 0.0100451 0.0245037 0.150869 0.0114642 0.780961 0.00906052 
-0.0355564 46.9136 -5.92913 1.46297 36.025 -0.0530204 0.0144674 0.0325783 0.131995 0.00894594 0.220262 0.0114157 
-0.0234912 47.0803 -9.84565 1.51007 72.7446 0.00910256 0.0107706 0.025367 0.144039 0.00617923 0.24642 0.0087996 
-0.0304234 47.191 -12.3968 1.57349 118.359 0.0394364 0.0183998 0.0450931 0.331813 0.00993176 0.426248 0.0156418 
-0.0193517 47.1517 -12.455 1.63203 177.447 0.0957846 0.0401215 0.0933376 0.885232 0.0193444 2.22847 0.0361364 
-0.0242472 46.8838 -5.80649 2.7129 37.2501 -0.0599767 0.0118131 0.0259122 0.100368 0.00934926 0.170297 0.00903522 
-0.0293884 47.0686 -8.98274 2.79227 74.2257 -0.0133645 0.00663296 0.0153884 0.0833914 0.00569632 0.15269 0.00539875 
-0.0184792 47.1146 -11.5062 2.88144 120.461 0.0336958 0.0090295 0.021309 0.149929 0.00811592 0.209589 0.00751532 
-0.0119863 47.1086 -12.5074 2.96442 183.916 0.113577 0.0144177 0.0350336 0.292364 0.0133696 0.944143 0.0129547 
0.022003 46.9181 -5.57009 4.60595 40.107 -0.0922657 0.0404813 0.0949355 0.351019 0.0347768 0.5394 0.0283646 
-0.0514925 47.0362 -8.43613 4.74457 76.8543 -0.0299827 0.0193167 0.044571 0.239644 0.0189868 0.426241 0.0157426 
-0.0590638 47.0494 -9.90275 4.86632 123.1 -0.0022811 0.0193469 0.0457489 0.300863 0.0212753 0.455058 0.0185037 
-0.0319 47.1605 -10.4307 4.99721 191.177 0.0957988 0.0225755 0.0561593 0.393637 0.0254494 1.40372 0.0204806 
-0.015674 47.2354 -5.76503 6.63781 39.8216 -0.0787335 0.0837649 0.174699 0.661411 0.0695742 1.03711 0.0731493 
-0.0354818 47.0542 -7.47797 6.72606 79.7247 -0.0742085 0.0249472 0.0578135 0.290795 0.0237803 0.545072 0.0197016 
-0.0307 47.0987 -9.2282 6.79731 124.77 -0.00800287 0.0194283 0.0466918 0.269706 0.0199206 0.460331 0.0167135 
0.0145471 47.1049 -10.8269 6.85425 199.55 0.0840759 0.0190095 0.0464142 0.329665 0.020266 1.41146 0.0173512 
-0.0336961 58.7673 -9.18482 1.45446 37.6562 -0.0625795 0.019548 0.452182 0.282929 0.0125037 0.305154 0.0158565 
-0.0133992 59.0439 -19.1703 1.50031 74.7083 -0.030993 0.0108823 0.189653 0.221371 0.0062707 0.251537 0.00910505 
0.000849087 64.5898 -24.8455 1.54374 120.01 0.0491723 0.0151086 0.389522 0.35414 0.008073 0.344596 0.0136156 
0.0428674 70.0039 -27.75 1.59671 182.463 0.0685983 0.025986 0.901721 0.881898 0.0154556 1.68947 0.0269771 
0.0113137 58.4246 -8.51105 2.66508 38.4939 -0.0764985 0.015919 0.358049 0.228601 0.01262 0.240846 0.0134719 
-0.0161723 58.8772 -17.8632 2.77296 76.4553 -0.0249564 0.00726368 0.132754 0.147093 0.00626625 0.169417 0.00621647 
-0.0325719 62.1655 -23.0768 2.84076 121.844 0.0228524 0.00799691 0.183003 0.188708 0.00717616 0.187661 0.00727191 
-0.0258685 65.8123 -25.8626 2.93475 185.791 0.0930738 0.0109884 0.299741 0.297465 0.0100488 0.672033 0.0104444 
-0.0230474 58.3574 -7.53938 4.60698 39.3297 -0.169532 0.0650676 1.64361 0.762588 0.0564376 0.836175 0.0448279 
0.019188 58.8977 -15.9056 4.7162 79.2663 -0.041958 0.0215815 0.377459 0.42466 0.0214783 0.490756 0.0197615 
-0.0354533 60.7657 -20.8423 4.7851 123.636 -0.0247588 0.0188564 0.387575 0.417009 0.0195683 0.457099 0.0168042 
-0.0375818 64.4329 -23.7949 4.92398 194.646 0.100517 0.0196318 0.535068 0.535407 0.0221331 1.41168 0.0191743 
-0.100795 54.5934 -5.18738 6.60034 42.0971 -0.162393 0.137012 1.18363 1.5159 0.0874505 1.65068 0.100546 
-0.0147232 58.9573 -15.1105 6.70614 81.3269 -0.0816031 0.0294915 0.556632 0.601894 0.0273229 0.630853 0.0272323 
-0.00913546 59.3311 -19.6453 6.80286 125.804 -0.0137335 0.0206539 0.342619 0.447011 0.0212093 0.49771 0.0183155 
-0.0232857 63.3792 -22.1083 6.8873 206.947 0.0816318 0.0163293 0.420238 0.422338 0.0184286 1.35345 0.0153391 
