2
-2.1 2.1 
2
15 10000 
4
-100 -2 2 100 
5
0 2 4 6 1000 
5
0 50 100 150 1000 
0.0102658 35.7191 -5.04488 1.46758 37.6435 0.0552444 0.908676 0.0122425 0.0421611 9.66265 8
0.00317716 37.2494 -7.76266 1.53577 74.3598 0.111208 0.847885 0.00742085 0.0215401 16.0058 8
0.00640078 39.4083 -10.4827 1.59982 120.597 0.16417 0.819306 0.0115839 0.0309191 19.4774 8
0.0369218 41.9859 -13.337 1.64011 181.962 0.235565 0.77024 0.0204467 0.0496377 8.0647 8
0.0192586 35.8142 -4.94067 2.72301 39.0681 0.0585281 0.82301 0.00869253 0.02835 18.3437 8
0.000624502 36.7136 -7.17832 2.82073 76.7874 0.100345 0.826652 0.00416134 0.0118929 26.9421 8
0.00224675 38.2051 -9.32009 2.90348 122.412 0.127759 0.859859 0.00494022 0.0127686 17.8617 8
-0.0170456 40.094 -11.5004 3.00661 189.504 0.182319 0.875903 0.00683984 0.016511 11.6709 8
0.0050428 35.7179 -4.87168 4.6833 40.5819 0.0370439 0.78776 0.0313046 0.0916939 14.3307 8
-0.000840013 36.4117 -6.79896 4.76323 79.5254 0.0759184 0.825361 0.0108919 0.0303581 9.90673 8
0.00114345 37.3901 -8.51747 4.85402 124.778 0.0990418 0.885201 0.00972772 0.0248724 11.0914 8
-0.00597879 39.0894 -10.6533 5.01515 202.564 0.164135 0.919437 0.010239 0.0235753 18.3054 8
0.0305376 35.4958 -4.70393 6.73418 41.8712 0.0254575 0.800508 0.0487656 0.130051 10.5686 8
-0.00716656 36.1148 -6.3947 6.76007 81.886 0.0579355 0.802863 0.0132388 0.0355928 14.2059 8
-0.0106097 36.905 -8.02481 6.81983 126.006 0.0826981 0.874877 0.00960595 0.0241848 12.3927 8
-0.00918577 38.5065 -10.3677 6.91574 215.622 0.166268 0.888811 0.00764549 0.0173973 3.74407 8
0.0228137 33.6907 -0.00493789 1.48768 34.052 0.098048 0.709642 0.00949374 0.0326151 13.3622 8
0.00592304 33.9375 -0.021029 1.54678 71.7518 0.118618 0.801575 0.00819419 0.0234244 9.23971 8
-0.00665968 34.2937 -0.0440002 1.60674 119.111 0.144925 0.846626 0.0158251 0.0423163 9.00167 8
-0.00457967 34.1033 0.0188307 1.65091 176.709 0.261123 0.730385 0.0327156 0.0799325 3.79512 8
0.00810946 33.7443 -0.0201339 2.72529 36.1483 0.0708528 0.768999 0.0070222 0.0231611 12.8186 8
-0.00241312 33.9046 -0.0325346 2.8256 74.4118 0.101259 0.797109 0.00461311 0.0132264 20.8713 8
-0.000918387 34.0994 -0.0247402 2.91865 121.023 0.146916 0.803695 0.00660008 0.0174575 20.4418 8
0.000396787 34.4754 -0.0118562 3.03353 183.894 0.16797 0.895747 0.010721 0.0260929 12.075 8
0.00894216 33.913 -0.0414627 4.64054 38.3214 0.0139293 0.804667 0.0255472 0.0793083 2.10907 8
0.00599629 33.7903 -0.00734431 4.75532 77.2151 0.0601522 0.854834 0.0116559 0.0323155 8.65474 8
-0.010877 33.9159 -0.00536327 4.85949 123.361 0.127324 0.847078 0.0128168 0.0323897 5.00783 8
-0.00710467 34.2966 -0.0574807 5.01133 196.082 0.16799 0.915602 0.015666 0.0372903 8.30448 8
-0.0194641 34.3383 0.0392549 6.70249 40.5046 0.11684 0.528942 0.0365011 0.112864 8.66319 8
-0.0121541 33.9802 -0.0116044 6.74788 79.6914 0.0801098 0.75254 0.0139582 0.0381219 13.5674 8
-0.00204728 34.1091 -0.0369752 6.82701 124.82 0.083837 0.872482 0.012077 0.0303493 8.04495 8
-0.00983232 34.4202 -0.0430967 6.92578 207.847 0.158303 0.871455 0.0114862 0.0262011 5.49364 8
-0.00126592 32.4641 4.48868 1.47007 37.0845 0.0969126 0.778033 0.0129492 0.0428866 4.20194 8
0.00279385 32.3729 5.66647 1.5375 73.5375 0.133306 0.790555 0.00867237 0.0255726 4.38688 8
-0.0136544 32.6296 6.76412 1.60213 120.012 0.178699 0.783531 0.0138931 0.0374632 4.94645 8
-0.0217697 32.9017 7.78333 1.65403 183.135 0.161878 1.01732 0.0249096 0.0643757 19.8683 8
0.00168291 32.4481 4.40862 2.72843 38.4175 0.102406 0.696041 0.00979505 0.0317101 3.75408 8
0.000107152 32.5844 5.49519 2.81923 76.2643 0.123607 0.781439 0.0050393 0.0143546 25.4926 8
-0.00777298 32.6967 6.48743 2.91237 122.149 0.149025 0.830705 0.00595908 0.0158571 30.3759 8
-0.00838396 32.9682 7.65363 3.01635 188.584 0.200345 0.85548 0.00840317 0.0204313 18.7519 8
0.0179853 32.7645 4.15054 4.65354 40.0135 0.0626653 0.695177 0.0348547 0.100639 17.0133 8
-0.00363001 32.57 5.33034 4.76557 78.7042 0.0737961 0.841264 0.0131937 0.0364344 13.6335 8
-0.00657005 32.8616 6.18541 4.87383 124.186 0.126771 0.803273 0.0118474 0.0302309 11.353 8
-0.0139698 33.1352 7.2865 5.0199 200.374 0.1655 0.875817 0.0126456 0.0304392 6.69529 8
-0.0521824 32.2598 4.35986 6.62024 41.5478 0.0429765 0.700412 0.0440516 0.103135 7.50542 8
-0.00998704 32.9204 5.20459 6.75074 81.0934 0.067392 0.809724 0.0162052 0.0425216 6.69063 8
-0.00473718 32.9797 6.05838 6.81641 126.057 0.11521 0.795391 0.0112637 0.0282232 8.47566 8
-0.00889573 33.1354 7.27949 6.92344 213.163 0.153672 0.900457 0.00914813 0.0210967 4.36887 8
