2
-2.1 2.1 
7
15 30 35 40 45 50 10000 
2
-100 100 
5
0 2 4 6 1000 
5
0 50 100 150 1000 
-0.0181274 27.6163 0.0643084 1.46282 33.46 -0.0183424 0.00576598 0.0139402 0.0406967 0.00354922 0.102213 0.00391336 
-0.0258997 27.5885 -0.0666622 1.52935 70.9043 0.0217783 0.00531617 0.0132104 0.0621743 0.00305116 0.125291 0.00383463 
-0.0238968 27.6356 -0.418995 1.58924 118.066 0.0559808 0.0106354 0.0264045 0.17234 0.00560196 0.246524 0.00830424 
-0.0276597 27.6142 -0.748012 1.62257 179.441 0.0846987 0.0242827 0.0603077 0.530328 0.0133887 1.902 0.0187725 
-0.0239451 27.6261 -0.00802759 2.71381 35.4238 -0.0339853 0.00438106 0.0106791 0.0305518 0.00371814 0.0742734 0.00304912 
-0.0159302 27.619 0.0277211 2.80477 73.1962 0.00932282 0.00313273 0.00773826 0.0343932 0.00281406 0.0753515 0.0022848 
-0.0180271 27.6294 -0.257831 2.90401 119.95 0.049513 0.00469666 0.0118577 0.0681972 0.00443218 0.113587 0.0036496 
-0.00556203 27.582 -0.55821 2.99204 183.843 0.093261 0.00793977 0.0207548 0.151266 0.00772525 0.587642 0.00642113 
-0.000517075 27.6479 0.0385941 4.43019 37.0798 -0.0476363 0.0177979 0.0435497 0.115207 0.0111108 0.280423 0.0126412 
-0.0363758 27.6305 -0.0973186 4.4898 75.595 -0.0152815 0.0098034 0.0243333 0.101916 0.00674591 0.238079 0.00721022 
-0.015395 27.6705 0.250478 4.53227 121.997 0.0385202 0.0112557 0.0285793 0.150365 0.00831233 0.27926 0.00881421 
-0.0200735 27.6037 -0.224192 4.57556 186.291 0.101542 0.0156495 0.0411943 0.26245 0.012394 0.964289 0.0128495 
-0.273071 28.1657 0.148416 6.13029 48.735 -0.361423 0 0 0 0 0 0 
0.23945 27.1616 -2.79878 6.12897 77.141 0.0413423 0.153536 0.528108 2.06893 0.040808 5.74266 0.114848 
-0.233677 27.6185 0.521413 6.21538 126.059 0.0709448 0.182869 0.498257 1.50222 0.0601054 5.12303 0.0891107 
-0.0432739 28.8929 10.4215 6.13885 185.186 -0.0406742 0.170087 0.481886 1.49689 0.0661257 19.9535 0.205213 
-0.023094 32.6155 0.0239286 1.46389 33.3953 -0.0250578 0.00498201 0.0119547 0.0329353 0.0030347 0.0871818 0.00352713 
-0.0223111 32.6403 -0.447931 1.5252 70.4668 0.0144289 0.00468388 0.0115272 0.0494585 0.00268912 0.109371 0.00350259 
-0.0236142 32.5884 -1.17334 1.5914 118.332 0.0585383 0.00939439 0.0233662 0.137047 0.00484148 0.216066 0.00739502 
-0.0574254 32.5964 -1.91386 1.63154 179.415 0.116117 0.0208003 0.0535937 0.437503 0.0119697 1.50782 0.018157 
-0.0221595 32.6325 0.00535781 2.70899 35.3302 -0.0384788 0.0038317 0.00920416 0.0244935 0.00316199 0.0638972 0.0027631 
-0.0194423 32.6107 -0.335458 2.80575 73.0388 0.00805205 0.00276549 0.00674007 0.0274465 0.0024532 0.0656605 0.00207817 
-0.0213535 32.6101 -0.645819 2.89986 120.137 0.0529142 0.00417931 0.0103115 0.0538802 0.00387179 0.0994703 0.00331192 
-0.0408311 32.5866 -1.19116 2.99 183.338 0.0991945 0.00723195 0.0181068 0.126467 0.00683711 0.507321 0.00604871 
0.0092399 32.6844 0.157975 4.44166 37.5241 -0.0656361 0.0157894 0.038503 0.0971348 0.0101903 0.243313 0.0114238 
-0.0266907 32.6647 -0.222126 4.4912 75.7553 -0.00231326 0.00863961 0.0211374 0.0812831 0.00595681 0.206427 0.00651735 
-0.026243 32.6523 -0.725187 4.51893 122.104 0.030462 0.0101792 0.0249568 0.127699 0.00727594 0.24675 0.00783199 
-0.0481926 32.637 -0.944326 4.56621 187.238 0.0865694 0.0141513 0.035643 0.217401 0.0105714 0.900397 0.0117897 
0 34.8904 0.65312 6.41866 44.6523 0.118923 0 0 0 0 0 0 
-0.139427 32.6849 2.42808 6.29392 78.3247 0.0257577 0.112342 0.466038 1.3518 0.0803428 2.12906 0.104536 
-0.062622 32.7904 -2.50707 6.14143 123.924 -0.0409462 0.154258 0.289306 2.74129 0.0326836 5.25639 0.135279 
-0.0729248 32.4586 0.256488 6.13427 199.367 0.106335 0.198114 0.60219 1.66651 0.0402009 18.1429 0.128025 
-0.0215072 37.5226 -0.472846 1.46025 32.8247 -0.0283834 0.00437088 0.0102925 0.0259693 0.00268085 0.0782833 0.00322501 
-0.0153041 37.5152 -1.31164 1.52982 70.6355 0.0212379 0.00419583 0.0101216 0.0406274 0.00238284 0.0976885 0.00327639 
-0.0191866 37.5153 -2.10797 1.59876 118.385 0.0724441 0.0084668 0.0206521 0.116977 0.00428486 0.194995 0.00683618 
-0.0565159 37.558 -2.50224 1.64414 177.925 0.0829932 0.0191511 0.0475906 0.353946 0.0103265 1.29298 0.0163583 
-0.0169229 37.5425 -0.434602 2.71284 35.0284 -0.0450355 0.00335298 0.00793473 0.0190002 0.00279519 0.0569026 0.00248823 
-0.0165423 37.525 -1.06224 2.80851 73.0491 0.00812659 0.00245565 0.00588057 0.0220525 0.00217815 0.0583396 0.00190807 
-0.0235681 37.5226 -1.62943 2.90702 120.065 0.0572674 0.00373158 0.00910267 0.0446708 0.00344629 0.0890463 0.00304317 
-0.0391186 37.5491 -2.10855 2.99512 182.885 0.0978448 0.00645967 0.0159697 0.103275 0.00619798 0.446021 0.00552197 
-0.0212212 37.5245 -0.457618 4.45827 37.2392 -0.0633458 0.0135599 0.0320624 0.0738602 0.0087753 0.211613 0.0102187 
-0.0182594 37.5342 -0.906671 4.49921 75.3399 -0.00401935 0.00763727 0.0182715 0.0651584 0.00521781 0.181457 0.00600081 
-0.0210479 37.5187 -1.35631 4.53327 122.022 0.0448189 0.00913104 0.0224261 0.104719 0.00651737 0.224862 0.00747642 
-0.0248274 37.5293 -1.91574 4.55934 186.278 0.0929208 0.0128894 0.0319222 0.174913 0.00948989 0.777908 0.0112143 
-0.395142 37.2473 -2.30468 6.14594 37.0735 0.361659 0.235365 0.644294 1.33249 0.027565 3.06379 0.152836 
-0.0510536 37.114 -0.502394 6.18214 72.3373 0.0434509 0.155476 0.40466 0.965884 0.03749 3.62495 0.0738242 
0.00829101 37.734 0.0725628 6.1894 120.046 -0.00197586 0.113636 0.256773 1.05791 0.0537142 2.62589 0.101469 
-0.102197 37.6912 -0.442178 6.2668 182.186 0.179855 0.153724 0.496654 1.79915 0.0915051 7.65284 0.187719 
-0.0218829 41.8572 -2.18791 1.46683 33.5638 -0.0525562 0.0062449 0.0136776 0.0411461 0.00377194 0.108243 0.00460175 
-0.023231 41.9671 -3.76068 1.52464 70.8522 0.0046156 0.00573453 0.0130923 0.0621217 0.00324093 0.133379 0.00449735 
-0.0192459 42.0443 -5.21606 1.60023 118.243 0.0658925 0.0113172 0.0269622 0.169399 0.00581025 0.255672 0.00943766 
0.00765959 42.1335 -6.84235 1.62779 178.107 0.132765 0.0238785 0.0564405 0.47946 0.0127145 1.5173 0.0213662 
-0.0246586 41.8417 -1.97254 2.70703 35.4213 -0.0585881 0.00483548 0.0105383 0.0298815 0.00394404 0.0792201 0.0036088 
-0.0295679 41.9563 -3.41629 2.80114 73.4457 -0.00562999 0.00341036 0.00780949 0.0342889 0.00298191 0.0806867 0.00271464 
-0.0184577 42.0228 -4.45666 2.89413 120.168 0.0456324 0.00502743 0.0119145 0.068256 0.00461085 0.11883 0.0041917 
-0.0246099 42.0334 -5.63274 3.00874 184.469 0.101937 0.00854827 0.020701 0.152488 0.00810678 0.586195 0.00759386 
-0.00396686 41.8185 -1.80988 4.44438 37.4104 -0.0812769 0.019318 0.0420132 0.117413 0.0120433 0.290614 0.0147858 
-0.014738 41.9406 -2.98288 4.506 75.5375 -0.0366045 0.0109299 0.0247268 0.0994788 0.00729891 0.255634 0.00882743 
-0.0315522 41.9669 -3.91457 4.51462 121.887 0.0193631 0.0125375 0.0290395 0.153357 0.00872621 0.299064 0.010572 
-0.0150699 42.0079 -5.14457 4.56819 187.939 0.0902826 0.0177351 0.0423567 0.279654 0.0128422 1.1262 0.0151371 
0 0 0 0 0 0 0 0 0 0 0 0 
0.0885468 41.6724 -0.637805 6.16475 75.2324 -0.0215988 0.23923 0.628475 1.22135 0.0371775 4.87223 0.214793 
-0.301749 41.866 -3.31207 6.19682 119.929 0.0175768 0.125816 0.338603 1.69147 0.0382801 2.48545 0.141767 
-0.27204 41.9389 -6.76101 6.17914 192.639 0.0576591 0.213304 0.491175 2.90089 0.0648748 11.0227 0.186833 
-0.0355564 46.9136 -5.92913 1.46297 36.025 -0.0530204 0.0144674 0.0325783 0.131995 0.00894594 0.220262 0.0114157 
-0.0234912 47.0803 -9.84565 1.51007 72.7446 0.00910256 0.0107706 0.025367 0.144039 0.00617923 0.24642 0.0087996 
-0.0304234 47.191 -12.3968 1.57349 118.359 0.0394364 0.0183998 0.0450931 0.331813 0.00993176 0.426248 0.0156418 
-0.0193517 47.1517 -12.455 1.63203 177.447 0.0957846 0.0401215 0.0933376 0.885232 0.0193444 2.22847 0.0361364 
-0.024585 46.8842 -5.80537 2.71246 37.2472 -0.0599867 0.0118126 0.0259186 0.100397 0.00934226 0.170334 0.00903842 
-0.0293803 47.0688 -8.98113 2.79183 74.2286 -0.0131795 0.00663431 0.0153929 0.0834108 0.00569455 0.152733 0.00539866 
-0.0187633 47.1148 -11.5057 2.88133 120.46 0.0336234 0.00903114 0.0213151 0.149991 0.00811781 0.209673 0.00751844 
-0.0119863 47.1086 -12.5074 2.96442 183.916 0.113577 0.0144177 0.0350336 0.292364 0.0133696 0.944143 0.0129547 
0.0125442 46.8919 -5.45209 4.4591 39.6669 -0.0823087 0.0434604 0.104919 0.383448 0.0271922 0.596582 0.0304604 
-0.047192 47.0468 -8.64477 4.49597 76.926 -0.0323346 0.0223625 0.0512414 0.281696 0.0147026 0.483988 0.018562 
-0.0792599 47.0485 -10.1036 4.48537 122.933 -0.00514562 0.0239435 0.0556343 0.399721 0.0161937 0.554202 0.0232814 
-0.0189297 47.1751 -10.4854 4.55934 189.14 0.09036 0.0290895 0.0740267 0.520958 0.0214179 1.80225 0.0257383 
0 0 0 0 0 0 0 0 0 0 0 0 
-0.163727 45.4637 -4.77952 6.18765 82.2777 -0.239202 0.206574 0.142519 0.991506 0.0558172 0.93023 0.0314971 
-0.130884 47.841 -6.65323 6.19826 110.657 0.399627 0.222642 0.111704 2.05541 0.0752268 0.960752 0.252285 
0 0 0 0 0 0 0 0 0 0 0 0 
-0.0336961 58.7673 -9.18482 1.45446 37.6562 -0.0625795 0.019548 0.452182 0.282929 0.0125037 0.305154 0.0158565 
-0.0132636 59.0436 -19.1703 1.50041 74.7067 -0.030876 0.0108852 0.189715 0.221371 0.00627191 0.251614 0.00910727 
0.000849087 64.5898 -24.8455 1.54374 120.01 0.0491723 0.0151086 0.389522 0.35414 0.008073 0.344596 0.0136156 
0.0428674 70.0039 -27.75 1.59671 182.463 0.0685983 0.025986 0.901721 0.881898 0.0154556 1.68947 0.0269771 
0.0104877 58.4085 -8.52439 2.66381 38.4995 -0.0765754 0.015926 0.358068 0.228627 0.0126053 0.241153 0.0134868 
-0.0161285 58.8749 -17.8654 2.77216 76.455 -0.025156 0.00726536 0.132739 0.147164 0.00626255 0.169504 0.00621989 
-0.0327756 62.1644 -23.0832 2.84032 121.845 0.0226869 0.00799884 0.183082 0.188683 0.00717548 0.187689 0.00727492 
-0.0251243 65.8048 -25.8586 2.93393 185.771 0.0928454 0.0109913 0.299754 0.297541 0.010048 0.672582 0.0104532 
-0.0113827 58.2804 -7.54415 4.4683 39.5302 -0.160145 0.0681349 1.82536 0.818652 0.0444932 0.893443 0.0492426 
0.0339975 59.1376 -15.9806 4.48649 79.0039 -0.0501937 0.024538 0.441781 0.484264 0.0166363 0.566658 0.0214331 
-0.039671 60.4485 -21.5984 4.50831 123.388 -0.0257861 0.0218141 0.418812 0.48056 0.0154058 0.528992 0.0197533 
-0.0450237 64.8223 -23.863 4.54022 190.236 0.0884102 0.0249234 0.673595 0.686782 0.0185471 1.60911 0.0232595 
0 0 0 0 0 0 0 0 0 0 0 0 
0 0 0 0 0 0 0 0 0 0 0 0 
0.215861 75.4956 -42.1912 6.01086 129.632 -0.0849063 0.127983 5.82466 2.58002 0.00303329 7.86096 0.35684 
0.129102 56.0072 -28.5018 6.13722 200.623 0.233646 0.228393 1.61082 6.23226 0.0242849 12.2331 0.0915875 
