10
-2 -1.1 -0.9 -0.6 -0.3 0 0.3 0.6 0.9 1.1 2 
6
10 25 30 35 40 50 100 
21.1175 0.554416 0.548904 -4.67012
27.7226 0.674777 0.632007 -3.65023
32.6603 0.728165 0.722481 -5.51873
37.4719 0.7864 0.786392 -5.88582
43.1591 0.843889 0.862714 -8.13452
59.4699 0.888659 0.905843 -5.43157
21.0082 0.760297 0.758724 -6.85263
27.6714 0.871364 0.849842 -5.77068
32.6443 0.917232 0.915154 -7.25226
37.5084 0.947908 0.932644 -5.67736
43.0825 0.977652 0.965696 -5.96789
59.6397 0.986769 0.990082 -4.84869
20.8946 0.789089 0.78052 -6.05383
27.634 0.86629 0.858354 -6.20116
32.6342 0.907457 0.90261 -6.22207
37.5132 0.929465 0.927527 -5.99388
43.0504 0.950918 0.952876 -6.36342
59.9659 0.9538 0.970231 -5.73337
20.7751 0.791959 0.781671 -6.58481
27.6185 0.845677 0.839736 -6.57182
32.6212 0.871245 0.87944 -7.06659
37.5205 0.89294 0.885636 -6.13138
43.0024 0.900388 0.900084 -6.85373
59.9826 0.922991 0.901797 -4.86419
20.704 0.787048 0.777489 -6.91067
27.6091 0.831631 0.830213 -7.4326
32.616 0.850769 0.861086 -7.95202
37.5403 0.862713 0.882707 -7.77347
42.99 0.87208 0.891017 -7.34612
60.2588 0.890252 0.883203 -6.86086
20.7277 0.776381 0.766396 -7.02386
27.6038 0.834761 0.838393 -7.65409
32.6267 0.844495 0.862728 -8.03672
37.5315 0.85859 0.885483 -8.0006
43.0054 0.870718 0.888551 -7.90079
60.1381 0.872701 0.913163 -9.49991
20.7808 0.781484 0.776905 -6.65281
27.6055 0.851019 0.851043 -7.27593
32.6123 0.872538 0.879667 -7.21649
37.5375 0.889238 0.893696 -6.97902
43.0167 0.905014 0.910335 -6.80654
60.2174 0.903849 0.905079 -5.7982
20.8967 0.792269 0.786225 -6.66968
27.6464 0.885631 0.86468 -6.24936
32.6313 0.908134 0.90138 -6.12871
37.5022 0.936554 0.937773 -6.57929
43.0463 0.953516 0.958343 -6.32614
59.9544 0.9715 0.975464 -5.75757
21.0185 0.767233 0.729755 -5.70562
27.6468 0.869227 0.866613 -6.9976
32.6411 0.916872 0.914415 -6.71542
37.4945 0.953843 0.944901 -6.79356
43.0862 0.974612 0.990121 -7.94093
59.7381 1 0.982659 -4.17285
21.1849 0.618364 0.628287 -7.34437
27.6426 0.731596 0.65897 -3.69452
32.6523 0.758797 0.708748 -5.19706
37.5175 0.832131 0.779797 -4.46946
43.2605 0.877759 0.881188 -7.26221
60.6448 0.925686 0.960986 -8.92737
